0.01 0.41991877171964054 0.010221158526241269
0.1 0.45070822132932964 0.010719589366914419
0.2 0.4871476157632669 0.011339870225031261
0.3 0.5257339286055623 0.012032365973675732
0.4 0.5661801620725638 0.012797933128086563
0.5 0.6081192241725675 0.013635472231381486
0.6 0.6511132153345826 0.014541497491334767
0.7000000000000001 0.6946692039269834 0.015509795789146298
0.8 0.7382605351550858 0.01653124232802217
0.9 0.7813518258963906 0.01759383443504888
1.0 0.8234251554926625 0.018682984980534136
1.1 0.864004731919354 0.019782083679020426
1.2 0.9026775561487769 0.020873293605485135
1.3 0.9391082641667512 0.02193851036490892
1.4000000000000001 0.9730472339709961 0.022960382128936238
1.5 1.0043319959182246 0.02392327755628622
1.6 1.0328827893302988 0.02481409803301518
1.7 1.0586936432761367 0.025622857782472787
1.8 1.081820586453082 0.02634299301971332
1.9000000000000001 1.1023685449913787 0.026971400589524432
2.0 1.120478247422634 0.027508239604424892
2.1 1.1363141156694616 0.02795655158235175
2.2 1.1500537611653134 0.028321764053677922
2.3000000000000003 1.161879383480603 0.02861114105456682
2.4 1.171971116043885 0.028833234556916942
2.5 1.1805021885382927 0.028997377382282304
2.6 1.1876356722241794 0.029113243727812276
2.7 1.1935225288456415 0.029190490379453368
2.8000000000000003 1.1983006796295546 0.029238481262681172
2.9 1.2020948330314474 0.029266090588571412
3.0 1.205016846046513 0.029281575310234738
3.1 1.2071664351600964 0.02929250540844483
3.2 1.2086320935207575 0.02930574006218361
3.3000000000000003 1.2094921073260603 0.029327438442541404
3.4 1.2098155951691496 0.029363095207352793
3.5 1.2096635188520204 0.02941759240118935
3.6 1.209089633290641 0.029495261129506185
3.7 1.208141357342139 0.029599947922633
3.8000000000000003 1.2068605575304687 0.029735082054027365
3.9 1.20528424357992 0.029903741197710814
4.0 1.2034451791459877 0.03010871370427953
4.1 1.2013724138033512 0.030352556463782328
4.2 1.1990917437305322 0.03063764783608653
4.3 1.1966261090248178 0.030966235496353696
4.4 1.1939959354947618 0.031340479294708436
4.5 1.1912194283346655 0.03176248939151221
4.6000000000000005 1.1883128244449972 0.032234360025127966
4.7 1.185290609434045 0.03275819931578181
4.8 1.1821657045914395 0.03333615552136093
4.9 1.178949628408752 0.033970440149678115
5.0 1.1756526365622237 0.034663348305075455
5.1000000000000005 1.1722838436807534 0.03541727661121187
5.2 1.1688513297027223 0.036234739010729836
5.3 1.1653622331767168 0.03711838069914903
5.4 1.161822833479093 0.03807099040672394
5.5 1.1582386235992586 0.039095511199337914
5.6000000000000005 1.1546143748744944 0.04019504992848124
5.7 1.1509541948330229 0.04137288542131257
5.8 1.1472615791201872 0.042632475464831225
5.9 1.1435394583319236 0.043977462603248745
6.0 1.1397902404567493 0.04541167873461698
6.1000000000000005 1.13601584952759 0.04693914846149813
6.2 1.1322177610038293 0.048564091120806036
6.3 1.1283970343385927 0.05029092138980703
6.4 1.1245543431335736 0.052124248338595615
6.5 1.120690003241255 0.05406887277419089
6.6000000000000005 1.1168039991401688 0.05612978269785567
6.7 1.112896008881155 0.05831214667554742
6.8 1.1089654278800427 0.06062130490190657
6.9 1.1050113918135527 0.06306275772133076
7.0 1.101032798859477 0.06564215135605413
7.1000000000000005 1.097028331508457 0.068365260581461
7.2 1.0929964781621093 0.07123796808394944
7.3 1.0889355547201536 0.0742662402374803
7.4 1.0848437263468858 0.07745609904257143
7.5 1.0807190295941889 0.08081358998708105
7.6000000000000005 1.076559395043698 0.08434474561288806
7.7 1.0723626706141591 0.0880555446077662
7.8 1.06812664566094 0.09195186628856734
7.9 1.063849075972573 0.09603944040140526
8.0 1.0595277097437008 0.10032379223779997
8.1 1.0551603145745396 0.10481018315339212
8.2 1.0507447055137062 0.10950354667817444
8.3 1.0462787741238442 0.11440842052404289
8.4 1.041760518508008 0.11952887492607435
8.5 1.0371880741894024 0.12486843789679843
8.6 1.0325597456882845 0.13043001812553795
8.700000000000001 1.0278740385883443 0.1362158264144167
8.8 1.0231296918315658 0.14222729670468015
8.9 1.0183257099267449 0.14846500790636952
9.0 1.0134613947039612 0.15492860789501892
9.1 1.0085363761971868 0.16161674117398164
9.200000000000001 1.0035506421918268 0.1685269818126713
9.3 0.9985045659355668 0.17565577335153043
9.4 0.9933989314816418 0.18299837740601224
9.5 0.9882349561159055 0.19054883269685444
9.6 0.983014309314928 0.1982999261759417
9.700000000000001 0.9777391276937353 0.2062431778011056
9.8 0.9724120254301949 0.21436884033629716
9.9 0.9670360996993893 0.22266591531520777
10.0 0.9616149307159277 0.23112218600901016
10.1 0.9561525760644974 0.2397242678879961
10.200000000000001 0.9506535590977533 0.2484576766712907
10.3 0.9451228512936789 0.25730691363038966
10.4 0.9395658485887882 0.2662555673655814
10.5 0.9339883418352 0.2752864308260793
10.6 0.9283964816642903 0.2843816319128964
10.700000000000001 0.9227967381725274 0.2935227756064698
10.8 0.9171958559712113 0.3026910952163639
10.9 0.9116008052562965 0.31186761007380587
11.0 0.9060187296527189 0.32103328679223847
11.1 0.9004568916657748 0.33016920111573833
11.200000000000001 0.8949226166270144 0.33925669736493796
11.3 0.8894232360517833 0.3482775425752702
11.4 0.883966031329037 0.35721407259853877
11.5 0.8785581786416125 0.3660493276972752
11.6 0.8732066959681627 0.37476717548961613
11.700000000000001 0.8679183929488372 0.3833524194851615
11.8 0.8626998243088116 0.39179089187221106
11.9 0.8575572474308373 0.4000695296558393
12.0 0.852496584554436 0.4081764336866307
12.1 0.8475233899596982 0.4161009105449273
12.200000000000001 0.8426428223722623 0.42383349764053707
12.3 0.8378596227071065 0.43136597224102335
12.4 0.8331780971559155 0.4386913454439796
12.5 0.8286021055190924 0.4458038423542448
12.6 0.8241350545913426 0.4526988699131256
12.700000000000001 0.8197798963308814 0.45937297395345583
12.8 0.8155391304776748 0.46582378712435896
12.9 0.8114148112360671 0.4720499693474567
13.0 0.8074085576014403 0.4780511424380965
13.1 0.8035215668884478 0.48382782045799794
13.200000000000001 0.7997546310087748 0.4893813372670961
13.3 0.7961081550479083 0.49471377261990007
13.4 0.7925821777014876 0.49982787801268436
13.5 0.7891763931508169 0.5047270033390403
13.6 0.7858901739824066 0.5094150252586829
13.700000000000001 0.7827225947863828 0.5138962780330323
13.8 0.7796724561018039 0.5181754874351122
13.9 0.7767383084120205 0.5222577082039471
14.0 0.7739184759290583 0.5261482653872425
14.1 0.7712110799416142 0.5298526998022373
14.200000000000001 0.7686140615358511 0.5333767177440798
14.3 0.7661252035311101 0.5367261449841441
14.4 0.7637421515034974 0.5399068850271671
14.5 0.7614624337986894 0.5429248815353594
14.6 0.7592834804610736 0.5457860847788714
14.700000000000001 0.7572026410293848 0.5484964219341434
14.8 0.7552172011693158 0.5510617710236017
14.9 0.7533243981312455 0.5534879382706795
15.0 0.7515214350363439 0.555780638632087
15.1 0.7498054940070401 0.5579454792634589
15.200000000000001 0.7481737481683671 0.5599879456739268
15.3 0.7466233725552068 0.561913390328798
15.4 0.745151553967164 0.5637270234664896
15.5 0.7437554998178953 0.5654339059053923
15.6 0.7424324460294103 0.5670389436277152
15.700000000000001 0.7411796640243294 0.5685468839400482
15.8 0.7399944668705061 0.5699623130238357
15.9 0.7388742146329608 0.5712896547028126
16.0 0.7378163189878735 0.5725331702683649
16.1 0.7368182471525809 0.5736969592174939
16.2 0.7358775251842345 0.574784960771365
16.3 0.7349917406981002 0.5758009560551801
16.4 0.7341585450545145 0.5767485708322045
16.5 0.7333756550613297 0.5776312786961384
16.6 0.7326408542363427 0.5784524046366125
16.7 0.7319519936717759 0.5792151289023744
16.8 0.7313069925404053 0.5799224910957378
16.9 0.7307038382804405 0.5805773944400954
17.0 0.7301405864937981 0.5811826101697588
17.1 0.7296153605900004 0.581740781998167
17.2 0.7291263512055716 0.5822544306265749
17.3 0.7286718154265415 0.5827259582607943
17.400000000000002 0.7282500758394894 0.5831576531084235
17.5 0.7278595194344852 0.5835516938333254
17.6 0.7274985963813162 0.5839101539479445
17.7 0.7271658186985261 0.5842350061274252
17.8 0.7268597588330434 0.5845281264324598
17.900000000000002 0.726579048166529 0.5847912984303905
18.0 0.7263223754630435 0.5850262172063448
18.1 0.7260884852711997 0.5852344932581467
18.2 0.725876176292637 0.5854176562704395
18.3 0.7256842997274222 0.5855771587649133
18.400000000000002 0.725511757605844 0.5857143796247707
18.5 0.7253575011150126 0.5858306274926298
18.6 0.7252205289277167 0.5859271440419552
18.7 0.7250998855400937 0.5860051071228564
18.8 0.7249946596238661 0.5860656337837246
18.900000000000002 0.724903982398144 0.5861097831706872
19.0 0.7248270260251256 0.5861385593072822
19.1 0.7247630020334022 0.5861529137570886
19.2 0.7247111597720214 0.5861537481723139
19.3 0.7246707848979552 0.5861419167315444
19.400000000000002 0.7246411978991532 0.5861182284700055
19.5 0.7246217526549598 0.586083449505796
19.6 0.7246118350352972 0.5860383051656102
19.7 0.724610861539684 0.5859834820135086
19.8 0.7246182779768604 0.585919629786295
19.900000000000002 0.724633558185533 0.5858473632390416
20.0 0.7246562027965097 0.5857672639042681
20.1 0.7246857380362928 0.5856798817682314
20.2 0.7247217145720124 0.5855857368677092
20.3 0.7247637063974259 0.5854853208105985
20.400000000000002 0.7248113097595676 0.5853790982235528
20.5 0.7248641421255104 0.5852675081298052
20.6 0.7249218411886047 0.5851509652602241
20.7 0.724984063913464 0.5850298613005535
20.8 0.7250504856188978 0.5849045660776896
20.900000000000002 0.7251207990979273 0.5847754286877495
21.0 0.7251947137739729 0.5846427785685835
21.1 0.7252719548922606 0.5845069265192853
21.2 0.725352262745461 0.584368165669154
21.3 0.7254353919325567 0.5842267723984668
21.400000000000002 0.7255211106499133 0.5840830072133247
21.5 0.7256092000135235 0.5839371155767383
21.6 0.7256994534113868 0.5837893286980335
21.7 0.7257916758849914 0.5836398642825645
21.8 0.7258856835388678 0.5834889272436384
21.900000000000002 0.7259813029771943 0.5833367103784701
22.0 0.7260783707664483 0.5831833950099083
22.1 0.7261767329231071 0.5830291515955915
22.2 0.7262762444254288 0.582874140306124
22.3 0.726376768748353 0.5827185115737818
22.400000000000002 0.7264781774205911 0.5825624066131998
22.5 0.7265803496029936 0.58240595791541
22.6 0.7266831716873062 0.5822492897165539
22.7 0.7267865369144542 0.5820925184425149
22.8 0.7268903450115153 0.5819357531306695
22.900000000000002 0.7269945018465701 0.5817790958298911
23.0 0.7270989191006436 0.5816226419798943
23.1 0.7272035139559799 0.5814664807709482
23.2 0.7273082087999129 0.5813106954849427
23.3 0.7274129309436272 0.5811553638187451
23.400000000000002 0.7275176123551287 0.5810005581907339
23.5 0.7276221894057646 0.5808463460313611
23.6 0.7277266026296639 0.5806927900585467
23.7 0.7278307964954892 0.5805399485386731
23.8 0.7279347191899208 0.5803878755339104
23.900000000000002 0.7280383224123089 0.5802366211365648
24.0 0.7281415611799607 0.5800862316911117
24.1 0.7282443936435474 0.5799367500045387
24.2 0.7283467809121412 0.5797882155455983
24.3 0.7284486868874066 0.579640664633535
24.400000000000002 0.7285500781065007 0.5794941306168258
24.5 0.7286509235932495 0.5793486440424479
24.6 0.7287511947171879 0.5792042328161592
24.7 0.7288508650600725 0.5790609223542539
24.8 0.7289499102894913 0.5789187357272338
24.900000000000002 0.7290483080392126 0.5787776937958109
25.0 0.7291460377959308 0.5786378153396391
25.1 0.7292430807920858 0.5784991171791521
25.2 0.729339419904444 0.5783616142908629
25.3 0.7294350395581474 0.5782253199164658
25.400000000000002 0.7295299256359481 0.5780902456660636
25.5 0.7296240653923609 0.5779564016158266
25.6 0.729717447372479 0.57782379640037
25.7 0.7298100613352129 0.5776924373001305
25.8 0.7299018981807172 0.5775623303240032
25.900000000000002 0.7299929498817908 0.5774334802874813
26.0 0.7300832094190388 0.5773058908865428
26.1 0.730172670719602 0.5771795647675031
26.2 0.7302613285992601 0.5770545035930439
26.3 0.7303491787077372 0.5769307081046257
26.400000000000002 0.7304362174770331 0.5768081781814695
26.5 0.7305224420726247 0.5766869128962909
26.6 0.7306078503473816 0.5765669105679592
26.7 0.7306924407980511 0.5764481688112422
26.8 0.7307762125241769 0.5763306845837943
26.900000000000002 0.7308591651893195 0.5762144542305315
27.0 0.7309412989844534 0.5760994735255341
27.1 0.7310226145934267 0.5759857377116078
27.2 0.7311031131603688 0.5758732415376294
27.3 0.731182796258943 0.5757619792937927
27.400000000000002 0.7312616658633426 0.5756519448448716
27.5 0.7313397243209356 0.575543131661601
27.6 0.7314169743264696 0.5754355328502807
27.7 0.7314934188977502 0.5753291411806961
27.8 0.7315690613527143 0.5752239491124459
27.900000000000002 0.7316439052878199 0.5751199488197637
28.0 0.7317179545576808 0.5750171322149142
28.1 0.7317912132558789 0.5749154909702398
28.2 0.7318636856968888 0.5748150165389324
28.3 0.731935376399051 0.5747157001745996
28.400000000000002 0.7320062900685419 0.5746175329496879
28.5 0.7320764315842756 0.5745205057728291
28.6 0.7321458059836982 0.5744246094051638
28.7 0.7322144184494128 0.5743298344757031
28.8 0.7322822742965991 0.574236171495775
28.900000000000002 0.7323493789611768 0.5741436108726117
29.0 0.7324157379886735 0.5740521429221189
29.1 0.7324813570237588 0.5739617578808771
29.2 0.7325462418004061 0.5738724459174127
29.3 0.7326103981326463 0.5737841971427837
29.400000000000002 0.7326738319058824 0.5736970016205118
29.5 0.7327365490687304 0.5736108493759035
29.6 0.7327985556253603 0.5735257304047886
29.7 0.7328598576283063 0.5734416346817115
29.8 0.7329204611717195 0.5733585521676047
29.900000000000002 0.7329803723850427 0.5732764728169731
30.0 0.7330395974270747 0.5731953865846166
30.1 0.7330981424804123 0.5731152834319162
30.2 0.7331560137462394 0.5730361533327101
30.3 0.7332132174394502 0.5729579862787783
30.400000000000002 0.7332697597840825 0.5728807722849634
30.5 0.7333256470090467 0.5728045013939433
30.6 0.7333808853441314 0.5727291636806785
30.7 0.7334354810162715 0.57265474925655
30.8 0.733489440246063 0.5725812482732076
30.900000000000002 0.7335427692445087 0.5725086509261433
31.0 0.7335954742099848 0.5724369474580071
31.1 0.7336475613254125 0.5723661281616765
31.2 0.7336990367556234 0.5722961833830995
31.3 0.73374990664491 0.572227103523918
31.400000000000002 0.733800177114748 0.5721588790438891
31.5 0.7338498542616783 0.5720915004631117
31.6 0.7338989441553461 0.5720249583640744
31.7 0.7339474528366804 0.5719592433935309
31.8 0.7339953863162111 0.5718943462642149
31.900000000000002 0.7340427505725122 0.5718302577564037
32.0 0.7340895515507662 0.5717669687193396
32.1 0.7341357951614402 0.5717044700725167
32.2 0.7341814872790691 0.5716427528068415
32.3 0.7342266337411385 0.571581807985676
32.4 0.7342712403470606 0.5715216267457668
32.5 0.7343153128572397 0.5714622002980717
32.6 0.7343588569922196 0.5714035199284868
32.7 0.7344018784319094 0.5713455769984812
32.8 0.7344443828148828 0.5712883629456431
32.9 0.7344863757377466 0.5712318692841469
33.0 0.7345278627545717 0.5711760876051426
33.1 0.7345688493763884 0.5711210095770718
33.2 0.734609341070735 0.5710666269459185
33.3 0.7346493432612621 0.5710129315353961
33.4 0.7346888613273868 0.5709599152470745
33.5 0.7347279006039924 0.5709075700604519
33.6 0.7347664663811756 0.5708558880329762
33.7 0.7348045639040311 0.5708048613000153
33.8 0.7348421983724771 0.570754482074785
33.9 0.7348793749411169 0.570704742648232
34.0 0.7349160987191344 0.5706556353888793
34.1 0.7349523747702211 0.5706071527426337
34.2 0.7349882081125331 0.5705592872325584
34.300000000000004 0.7350236037186755 0.5705120314586155
34.4 0.7350585665157136 0.5704653780973769
34.5 0.7350931013852076 0.570419319901708
34.6 0.7351272131632708 0.5703738497004267
34.7 0.7351609066406473 0.570328960397937
34.800000000000004 0.7351941865628119 0.5702846449738418
34.9 0.7352270576300858 0.5702408964825342
35.0 0.7352595244977715 0.5701977080527715
35.1 0.7352915917763024 0.5701550728872299
35.2 0.7353232640314075 0.5701129842620449
35.300000000000004 0.73535454578429 0.5700714355263362
35.4 0.7353854415118188 0.5700304201017189
35.5 0.735415955646731 0.5699899314818025
35.6 0.7354460925778464 0.5699499632316802
35.7 0.7354758566502918 0.5699105089874051
35.800000000000004 0.7355052521657338 0.56987156245546
35.9 0.7355342833826212 0.5698331174122171
36.0 0.7355629545164358 0.5697951677033911
36.1 0.7355912697399485 0.5697577072434852
36.2 0.7356192331834839 0.5697207300152308
36.300000000000004 0.735646848935191 0.5696842300690238
36.4 0.7356741210413179 0.5696482015223538
36.5 0.7357010535064935 0.5696126385592307
36.6 0.7357276502940122 0.5695775354296088
36.7 0.7357539153261242 0.5695428864488057
36.800000000000004 0.7357798524843283 0.5695086859969224
36.9 0.7358054656096689 0.5694749285182579
37.0 0.7358307585030354 0.569441608520724
37.1 0.7358557349254651 0.5694087205752608
37.2 0.7358803985984473 0.5693762593152492
37.300000000000004 0.7359047532042312 0.5693442194359242
37.4 0.7359288023861327 0.5693125956937887
37.5 0.7359525497488462 0.5692813829060271
37.6 0.7359759988587544 0.5692505759499213
37.7 0.7359991532442414 0.5692201697622651
37.800000000000004 0.7360220163960055 0.5691901593387821
37.9 0.7360445917673729 0.5691605397335452
38.0 0.736066882774612 0.5691313060583966
38.1 0.736088892797247 0.569102453482371
38.2 0.7361106251783726 0.5690739772311207
38.300000000000004 0.7361320832249686 0.5690458725863425
38.4 0.7361532702082129 0.5690181348852091
38.5 0.7361741893637965 0.5689907595198004
38.6 0.7361948438922352 0.5689637419365402
38.7 0.7362152369591829 0.5689370776356348
38.800000000000004 0.736235371695743 0.5689107621705154
38.9 0.7362552511987795 0.5688847911472823
39.0 0.7362748785312265 0.568859160224155
39.1 0.7362942567223976 0.5688338651109235
39.2 0.7363133887682932 0.5688089015684038
39.300000000000004 0.7363322776319079 0.5687842654078985
39.4 0.7363509262435352 0.5687599524906585
39.5 0.7363693375010715 0.568735958727351
39.6 0.7363875142703188 0.5687122800775305
39.7 0.7364054593852866 0.5686889125491122
39.800000000000004 0.7364231756484904 0.5686658521978522
39.9 0.7364406658312506 0.5686430951268293
40.0 0.7364579326739893 0.5686206374859325
40.1 0.7364749788865247 0.5685984754713513
40.2 0.7364918071483646 0.568576605325071
40.300000000000004 0.7365084201089979 0.5685550233343718
40.4 0.736524820388184 0.5685337258313319
40.5 0.7365410105762417 0.5685127091923352
40.6 0.7365569932343349 0.5684919698375838
40.7 0.7365727708947569 0.5684715042306123
40.800000000000004 0.7365883460612134 0.5684513088778093
40.9 0.7366037212091031 0.5684313803279407
41.0 0.7366188987857961 0.5684117151716799
41.1 0.7366338812109116 0.5683923100411388
41.2 0.7366486708765921 0.5683731616094059
41.300000000000004 0.7366632701477778 0.5683542665900875
41.4 0.7366776813624757 0.5683356217368534
41.5 0.7366919068320311 0.5683172238429858
41.6 0.7367059488413936 0.5682990697409342
41.7 0.7367198096493824 0.5682811563018734
41.800000000000004 0.7367334914889502 0.5682634804352651
41.9 0.7367469965674441 0.5682460390884253
42.0 0.7367603270668651 0.5682288292460942
42.1 0.7367734851441261 0.5682118479300118
42.2 0.7367864729313064 0.5681950921984957
42.300000000000004 0.7367992925359059 0.5681785591460256
42.4 0.7368119460410961 0.5681622459028289
42.5 0.73682443550597 0.568146149634473
42.6 0.7368367629657889 0.5681302675414595
42.7 0.7368489304322294 0.5681145968588243
42.800000000000004 0.7368609398936256 0.5680991348557405
42.9 0.7368727933152107 0.5680838788351253
43.0 0.736884492639358 0.5680688261332518
43.1 0.7368960397858166 0.5680539741193634
43.2 0.7369074366519487 0.5680393201952931
43.300000000000004 0.7369186851129624 0.5680248617950863
43.4 0.7369297870221441 0.5680105963846271
43.5 0.7369407442110881 0.5679965214612699
43.6 0.7369515584899248 0.5679826345534722
43.7 0.7369622316475458 0.5679689332204341
43.800000000000004 0.7369727654518288 0.5679554150517391
43.9 0.7369831616498596 0.5679420776670001
44.0 0.736993421968152 0.5679289187155088
44.1 0.7370035481128667 0.567915935875888
44.2 0.7370135417700271 0.5679031268557481
44.300000000000004 0.7370234046057343 0.567890489391348
44.4 0.7370331382663796 0.5678780212472584
44.5 0.737042744378855 0.5678657202160283
44.6 0.7370522245507626 0.5678535841178569
44.7 0.7370615803706215 0.5678416108002673
44.800000000000004 0.7370708134080736 0.5678297981377838
44.9 0.7370799252140858 0.5678181440316136
45.0 0.7370889173211528 0.5678066464093312
45.1 0.7370977912434962 0.5677953032245663
45.2 0.7371065484772623 0.5677841124566942
45.300000000000004 0.7371151905007196 0.5677730721105322
45.4 0.7371237187744514 0.5677621802160356
45.5 0.7371321347415496 0.5677514348279995
45.6 0.737140439827805 0.5677408340257634
45.7 0.7371486354418971 0.5677303759129186
45.800000000000004 0.7371567229755809 0.5677200586170188
45.9 0.7371647038038723 0.5677098802892934
46.0 0.7371725792852329 0.5676998391043654
46.1 0.7371803507617509 0.5676899332599709
46.2 0.7371880195593231 0.5676801609766825
46.300000000000004 0.7371955869878326 0.5676705204976353
46.4 0.7372030543413264 0.567661010088256
46.5 0.7372104228981907 0.5676516280359947
46.6 0.7372176939213251 0.5676423726500606
46.7 0.7372248686583137 0.5676332422611597
46.800000000000004 0.7372319483415972 0.5676242352212358
46.9 0.73723893418864 0.567615349903214
47.0 0.7372458274020989 0.5676065847007475
47.1 0.7372526291699877 0.5675979380279667
47.2 0.7372593406658424 0.5675894083192322
47.300000000000004 0.7372659630488828 0.5675809940288888
47.4 0.7372724974641732 0.5675726936310235
47.5 0.7372789450427831 0.5675645056192266
47.6 0.7372853069019438 0.5675564285063533
47.7 0.7372915841452043 0.5675484608242909
47.800000000000004 0.7372977778625874 0.5675406011237262
47.9 0.7373038891307419 0.5675328479739171
48.0 0.7373099190130948 0.5675251999624659
48.1 0.7373158685600011 0.5675176556950949
48.2 0.737321738808893 0.5675102137954262
48.300000000000004 0.7373275307844267 0.5675028729047614
48.4 0.7373332454986282 0.5674956316818666
48.5 0.7373388839510377 0.567488488802757
48.6 0.7373444471288529 0.5674814429604873
48.7 0.7373499360070699 0.5674744928649403
48.800000000000004 0.7373553515486234 0.5674676372426223
48.9 0.7373606947045255 0.5674608748364572
49.0 0.7373659664140024 0.5674542044055857
49.1 0.7373711676046308 0.5674476247251646
49.2 0.7373762991924719 0.5674411345861695
49.300000000000004 0.7373813620822053 0.5674347327952004
49.4 0.7373863571672592 0.5674284181742881
49.5 0.7373912853299425 0.5674221895607032
49.6 0.7373961474415727 0.5674160458067687
49.7 0.7374009443626041 0.5674099857796728
49.800000000000004 0.7374056769427542 0.5674040083612849
49.9 0.7374103460211283 0.5673981124479734
50.0 0.7374149524263439 0.5673922969504265
50.1 0.737419496976653 0.5673865607934732
50.2 0.737423980480063 0.5673809029159081
50.300000000000004 0.7374284037344575 0.5673753222703183
50.4 0.7374327675277146 0.5673698178229104
50.5 0.7374370726378239 0.5673643885533415
50.6 0.7374413198330034 0.5673590334545511
50.7 0.7374455098718145 0.5673537515325963
50.800000000000004 0.7374496435032754 0.5673485418064863
50.9 0.7374537214669742 0.5673434033080221
51.0 0.7374577444931799 0.5673383350816353
51.1 0.7374617133029532 0.5673333361842304
51.2 0.7374656286082552 0.5673284056850285
51.300000000000004 0.7374694911120553 0.5673235426654128
51.4 0.7374733015084379 0.5673187462187758
51.5 0.7374770604827084 0.5673140154503691
51.6 0.7374807687114976 0.5673093494771534
51.7 0.7374844268628648 0.5673047474276516
51.800000000000004 0.7374880355964001 0.5673002084418037
51.9 0.7374915955633262 0.5672957316708223
52.0 0.7374951074065973 0.5672913162770509
52.1 0.7374985717609993 0.5672869614338231
52.2 0.737501989253247 0.5672826663253242
52.300000000000004 0.7375053605020813 0.5672784301464537
52.4 0.7375086861183643 0.5672742521026908
52.5 0.737511966705175 0.5672701314099585
52.6 0.7375152028579028 0.5672660672944939
52.7 0.7375183951643398 0.567262058992715
52.800000000000004 0.7375215442047727 0.5672581057510939
52.9 0.7375246505520733 0.5672542068260272
53.0 0.7375277147717886 0.5672503614837116
53.1 0.7375307374222291 0.5672465690000181
53.2 0.7375337190545569 0.5672428286603696
53.300000000000004 0.7375366602128718 0.5672391397596194
53.4 0.7375395614342973 0.5672355016019305
53.5 0.7375424232490663 0.5672319135006583
53.6 0.7375452461806037 0.5672283747782317
53.7 0.7375480307456098 0.5672248847660384
53.800000000000004 0.7375507774541427 0.56722144280431
53.9 0.7375534868096989 0.5672180482420093
54.0 0.7375561593092943 0.5672147004367186
54.1 0.737558795443542 0.5672113987545294
54.2 0.7375613956967321 0.5672081425699329
54.300000000000004 0.7375639605469084 0.5672049312657135
54.4 0.7375664904659458 0.5672017642328416
54.5 0.7375689859196253 0.567198640870369
54.6 0.7375714473677094 0.5671955605853246
54.7 0.7375738752640162 0.5671925227926126
54.800000000000004 0.7375762700564921 0.567189526914911
54.9 0.7375786321872846 0.5671865723825715
55.0 0.7375809620928143 0.5671836586335214
55.1 0.7375832602038445 0.5671807851131647
55.2 0.7375855269455521 0.5671779512742872
55.300000000000004 0.7375877627375973 0.5671751565769602
55.4 0.7375899679941901 0.5671724004884472
55.5 0.7375921431241588 0.567169682483111
55.6 0.7375942885310177 0.5671670020423216
55.7 0.737596404613032 0.5671643586543659
55.800000000000004 0.7375984917632836 0.5671617518143581
55.9 0.7376005503697352 0.5671591810241517
56.0 0.7376025808152943 0.5671566457922521
56.1 0.7376045834778762 0.5671541456337297
56.2 0.7376065587304661 0.567151680070136
56.300000000000004 0.7376085069411814 0.5671492486294186
56.4 0.7376104284733314 0.5671468508458386
56.5 0.7376123236854784 0.5671444862598883
56.6 0.737614192931497 0.5671421544182109
56.7 0.7376160365606329 0.5671398548735196
56.800000000000004 0.73761785491756 0.5671375871845195
56.9 0.7376196483424391 0.5671353509158287
57.0 0.7376214171709734 0.5671331456379022
57.1 0.7376231617344654 0.5671309709269555
57.2 0.7376248823598724 0.5671288263648896
57.300000000000004 0.737626579369861 0.5671267115392163
57.4 0.7376282530828603 0.5671246260429853
57.5 0.7376299038131165 0.5671225694747123
57.6 0.7376315318707459 0.5671205414383067
57.7 0.7376331375617857 0.5671185415430021
57.800000000000004 0.7376347211882468 0.5671165694032863
57.9 0.7376362830481643 0.5671146246388312
58.0 0.737637823435648 0.5671127068744275
58.1 0.7376393426409318 0.5671108157399153
58.2 0.7376408409504233 0.5671089508701193
58.300000000000004 0.7376423186467522 0.5671071119047828
58.4 0.7376437760088184 0.5671052984885033
58.5 0.7376452133118391 0.5671035102706689
58.6 0.737646630827396 0.567101746905395
58.7 0.7376480288234815 0.5671000080514631
58.800000000000004 0.7376494075645442 0.5670982933722581
58.9 0.7376507673115346 0.5670966025357086
59.0 0.7376521083219492 0.5670949352142272
59.1 0.7376534308498747 0.567093291084651
59.2 0.7376547351460322 0.5670916698281832
59.300000000000004 0.7376560214578193 0.5670900711303362
59.4 0.7376572900293533 0.5670884946808741
59.5 0.7376585411015126 0.5670869401737576
59.6 0.7376597749119791 0.5670854073070872
59.7 0.7376609916952785 0.5670838957830495
59.800000000000004 0.737662191682821 0.5670824053078629
59.9 0.7376633751029409 0.5670809355917246
60.0 0.7376645421809371 0.5670794863487572
60.1 0.7376656931391115 0.5670780572969578
60.2 0.7376668281968067 0.5670766481581458
60.300000000000004 0.7376679475704467 0.5670752586579132
60.4 0.7376690514735713 0.5670738885255738
60.5 0.7376701401168753 0.5670725374941139
60.6 0.7376712137082448 0.5670712053001441
60.7 0.7376722724527938 0.5670698916838511
60.800000000000004 0.7376733165528987 0.5670685963889499
60.9 0.7376743462082351 0.5670673191626372
61.0 0.7376753616158123 0.5670660597555452
61.1 0.7376763629700072 0.5670648179216958
61.2 0.7376773504625997 0.5670635934184551
61.300000000000004 0.7376783242828051 0.5670623860064902
61.4 0.7376792846173076 0.5670611954497236
61.5 0.737680231650294 0.5670600215152909
61.6 0.7376811655634845 0.5670588639734981
61.7 0.7376820865361667 0.567057722597779
61.800000000000004 0.7376829947452264 0.5670565971646532
61.9 0.7376838903651775 0.5670554874536851
62.0 0.7376847735681951 0.5670543932474441
62.1 0.7376856445241444 0.5670533143314636
62.2 0.7376865034006115 0.5670522504942012
62.300000000000004 0.7376873503629331 0.567051201527001
62.4 0.7376881855742252 0.5670501672240533
62.5 0.7376890091954132 0.5670491473823577
62.6 0.7376898213852595 0.5670481418016848
62.7 0.7376906223003917 0.5670471502845402
62.800000000000004 0.7376914120953317 0.5670461726361269
62.9 0.7376921909225223 0.567045208664309
63.0 0.7376929589323542 0.5670442581795773
63.1 0.7376937162731938 0.5670433209950124
63.2 0.7376944630914088 0.5670423969262518
63.300000000000004 0.7376951995313951 0.5670414857914544
63.4 0.7376959257356019 0.5670405874112668
63.5 0.7376966418445584 0.56703970160879
63.6 0.7376973479968978 0.567038828209547
63.7 0.7376980443293831 0.5670379670414493
63.800000000000004 0.737698730976931 0.5670371179347655
63.9 0.7376994080726362 0.5670362807220896
64.0 0.737700075747797 0.5670354552383093
64.1 0.7377007341319362 0.5670346413205753
64.2 0.7377013833528266 0.5670338388082712
64.3 0.7377020235365136 0.5670330475429828
64.4 0.7377026548073374 0.567032267368469
64.5 0.7377032772879559 0.5670314981306327
64.6 0.7377038910993671 0.5670307396774906
64.7 0.7377044963609304 0.5670299918591466
64.8 0.7377050931903891 0.5670292545277623
64.9 0.7377056817038912 0.5670285275375296
65.0 0.7377062620160104 0.5670278107446434
65.1 0.737706834239767 0.5670271040072743
65.2 0.737707398486649 0.5670264071855425
65.3 0.7377079548666321 0.5670257201414906
65.4 0.7377085034881994 0.5670250427390581
65.5 0.7377090444583614 0.5670243748440564
65.6 0.7377095778826755 0.5670237163241421
65.7 0.7377101038652657 0.5670230670487927
65.8 0.737710622508841 0.5670224268892826
65.9 0.7377111339147144 0.567021795718658
66.0 0.7377116381828218 0.5670211734117128
66.1 0.73771213541174 0.5670205598449655
66.2 0.7377126256987042 0.5670199548966356
66.3 0.7377131091396274 0.5670193584466203
66.4 0.7377135858291165 0.567018770376472
66.5 0.73771405586049 0.5670181905693759
66.6 0.737714519325796 0.5670176189101278
66.7 0.7377149763158284 0.5670170552851124
66.8 0.7377154269201435 0.5670164995822807
66.9 0.7377158712270768 0.5670159516911301
67.0 0.73771630932376 0.567015411502683
67.1 0.7377167412961353 0.5670148789094657
67.2 0.7377171672289728 0.567014353805488
67.3 0.737717587205886 0.5670138360862239
67.4 0.7377180013093467 0.5670133256485903
67.5 0.7377184096207005 0.5670128223909281
67.6 0.7377188122201818 0.5670123262129828
67.7 0.7377192091869291 0.5670118370158859
67.8 0.7377196005989991 0.567011354702135
67.9 0.7377199865333817 0.5670108791755758
68.0 0.7377203670660135 0.5670104103413834
68.1 0.7377207422717932 0.5670099481060449
68.2 0.7377211122245942 0.5670094923773403
68.3 0.7377214769972796 0.5670090430643261
68.4 0.7377218366617143 0.5670086000773171
68.5 0.7377221912887797 0.5670081633278699
68.60000000000001 0.7377225409483864 0.5670077327287648
68.7 0.7377228857094872 0.5670073081939906
68.8 0.7377232256400901 0.5670068896387268
68.9 0.7377235608072705 0.5670064769793284
69.0 0.737723891277185 0.5670060701333087
69.10000000000001 0.7377242171150825 0.5670056690193243
69.2 0.7377245383853172 0.5670052735571596
69.3 0.7377248551513598 0.5670048836677103
69.4 0.7377251674758102 0.5670044992729695
69.5 0.7377254754204093 0.5670041202960118
69.60000000000001 0.73772577904605 0.5670037466609791
69.7 0.7377260784127886 0.5670033782930657
69.8 0.7377263735798567 0.5670030151185035
69.9 0.7377266646056722 0.5670026570645483
70.0 0.7377269515478493 0.567002304059466
70.10000000000001 0.7377272344632112 0.5670019560325181
70.2 0.7377275134077993 0.5670016129139485
70.3 0.737727788436884 0.5670012746349696
70.4 0.7377280596049757 0.5670009411277496
70.5 0.7377283269658347 0.5670006123253988
70.60000000000001 0.7377285905724811 0.5670002881619574
70.7 0.7377288504772053 0.566999968572382
70.8 0.7377291067315772 0.5669996534925333
70.9 0.7377293593864575 0.5669993428591642
71.0 0.7377296084920053 0.5669990366099064
71.10000000000001 0.7377298540976888 0.5669987346832588
71.2 0.7377300962522945 0.5669984370185767
71.3 0.7377303350039361 0.5669981435560587
71.4 0.7377305704000643 0.5669978542367355
71.5 0.7377308024874749 0.566997569002458
71.60000000000001 0.7377310313123188 0.5669972877958871
71.7 0.7377312569201098 0.5669970105604817
71.8 0.7377314793557334 0.5669967372404876
71.9 0.7377316986634558 0.5669964677809278
72.0 0.7377319148869319 0.5669962021275902
72.10000000000001 0.7377321280692138 0.5669959402270187
72.2 0.7377323382527593 0.5669956820265013
72.3 0.737732545479439 0.5669954274740608
72.4 0.7377327497905453 0.5669951765184447
72.5 0.7377329512267998 0.5669949291091143
72.60000000000001 0.7377331498283611 0.5669946851962359
72.7 0.737733345634833 0.5669944447306707
72.8 0.7377335386852708 0.5669942076639648
72.9 0.7377337290181905 0.5669939739483405
73.0 0.7377339166715744 0.5669937435366863
73.10000000000001 0.7377341016828797 0.5669935163825482
73.2 0.7377342840890451 0.5669932924401208
73.3 0.7377344639264978 0.5669930716642368
73.4 0.7377346412311608 0.5669928540103606
73.5 0.7377348160384598 0.5669926394345776
73.60000000000001 0.7377349883833292 0.566992427893587
73.7 0.7377351583002197 0.5669922193446918
73.8 0.7377353258231049 0.566992013745792
73.9 0.7377354909854871 0.5669918110553754
74.0 0.7377356538204045 0.56699161123251
74.10000000000001 0.7377358143604372 0.5669914142368351
74.2 0.7377359726377133 0.5669912200285551
74.3 0.7377361286839155 0.5669910285684295
74.4 0.7377362825302868 0.566990839817767
74.5 0.7377364342076372 0.566990653738417
74.60000000000001 0.7377365837463484 0.5669904702927624
74.7 0.7377367311763808 0.5669902894437119
74.8 0.7377368765272787 0.5669901111546933
74.9 0.7377370198281765 0.5669899353896458
75.0 0.7377371611078036 0.5669897621130133
75.10000000000001 0.7377373003944905 0.566989591289737
75.2 0.7377374377161741 0.5669894228852485
75.3 0.7377375731004036 0.5669892568654636
75.4 0.7377377065743443 0.5669890931967752
75.5 0.7377378381647849 0.5669889318460462
75.60000000000001 0.7377379678981412 0.5669887727806039
75.7 0.7377380958004619 0.5669886159682332
75.8 0.737738221897433 0.56698846137717
75.9 0.7377383462143838 0.5669883089760946
76.0 0.7377384687762908 0.5669881587341272
76.10000000000001 0.7377385896077833 0.5669880106208197
76.2 0.7377387087331476 0.5669878646061509
76.3 0.737738826176332 0.5669877206605203
76.4 0.7377389419609512 0.5669875787547421
76.5 0.7377390561102916 0.5669874388600403
76.60000000000001 0.7377391686473149 0.5669873009480416
76.7 0.7377392795946632 0.5669871649907707
76.8 0.7377393889746633 0.566987030960645
76.9 0.7377394968093305 0.5669868988304679
77.0 0.7377396031203738 0.5669867685734251
77.10000000000001 0.7377397079291995 0.566986640163078
77.2 0.7377398112569156 0.5669865135733588
77.3 0.7377399131243352 0.5669863887785659
77.4 0.737740013551982 0.5669862657533581
77.5 0.7377401125600932 0.5669861444727499
77.60000000000001 0.7377402101686235 0.5669860249121065
77.7 0.7377403063972495 0.566985907047139
77.8 0.7377404012653732 0.5669857908538992
77.9 0.7377404947921259 0.5669856763087756
78.0 0.7377405869963719 0.5669855633884879
78.10000000000001 0.7377406778967124 0.566985452070083
78.2 0.7377407675114884 0.56698534233093
78.3 0.7377408558587851 0.5669852341487158
78.4 0.7377409429564351 0.566985127501441
78.5 0.7377410288220221 0.5669850223674153
78.60000000000001 0.7377411134728843 0.5669849187252531
78.7 0.7377411969261171 0.5669848165538697
78.8 0.7377412791985775 0.5669847158324761
78.9 0.7377413603068868 0.5669846165405762
79.0 0.737741440267434 0.5669845186579615
79.10000000000001 0.737741519096379 0.5669844221647081
79.2 0.7377415968096558 0.5669843270411715
79.3 0.7377416734229758 0.5669842332679844
79.4 0.73774174895183 0.5669841408260514
79.5 0.7377418234114934 0.5669840496965456
79.60000000000001 0.7377418968170271 0.5669839598609052
79.7 0.7377419691832813 0.5669838713008296
79.8 0.737742040524899 0.5669837839982755
79.9 0.7377421108563177 0.5669836979354532
80.0 0.7377421801917732 0.5669836130948241
80.10000000000001 0.7377422485453017 0.5669835294590959
80.2 0.7377423159307434 0.5669834470112195
80.3 0.7377423823617443 0.5669833657343866
80.4 0.7377424478517592 0.566983285612025
80.5 0.7377425124140546 0.566983206627796
80.60000000000001 0.7377425760617113 0.566983128765591
80.7 0.7377426388076269 0.5669830520095277
80.8 0.7377427006645182 0.5669829763439487
80.9 0.7377427616449235 0.5669829017534158
81.0 0.737742821761206 0.5669828282227095
81.10000000000001 0.7377428810255552 0.5669827557368238
81.2 0.7377429394499897 0.5669826842809643
81.3 0.7377429970463597 0.5669826138405456
81.4 0.7377430538263497 0.5669825444011876
81.5 0.7377431098014794 0.5669824759487123
81.60000000000001 0.7377431649831078 0.5669824084691423
81.7 0.7377432193824341 0.5669823419486967
81.8 0.7377432730105006 0.5669822763737894
81.9 0.7377433258781946 0.5669822117310254
82.0 0.7377433779962507 0.5669821480071987
82.10000000000001 0.7377434293752528 0.5669820851892897
82.2 0.7377434800256365 0.5669820232644622
82.3 0.7377435299576901 0.5669819622200615
82.4 0.7377435791815584 0.5669819020436107
82.5 0.7377436277072433 0.5669818427228093
82.60000000000001 0.7377436755446067 0.5669817842455307
82.7 0.7377437227033713 0.5669817265998186
82.8 0.7377437691931238 0.5669816697738861
82.9 0.7377438150233161 0.5669816137561122
83.0 0.7377438602032671 0.5669815585350405
83.10000000000001 0.7377439047421652 0.5669815040993755
83.2 0.7377439486490694 0.5669814504379815
83.3 0.7377439919329114 0.5669813975398804
83.4 0.7377440346024974 0.5669813453942482
83.5 0.73774407666651 0.5669812939904147
83.60000000000001 0.7377441181335095 0.5669812433178598
83.7 0.7377441590119359 0.5669811933662118
83.8 0.7377441993101105 0.5669811441252463
83.9 0.7377442390362375 0.5669810955848823
84.0 0.7377442781984064 0.5669810477351823
84.10000000000001 0.7377443168045923 0.5669810005663483
84.2 0.7377443548626578 0.5669809540687206
84.3 0.7377443923803556 0.566980908232777
84.4 0.7377444293653291 0.5669808630491286
84.5 0.7377444658251141 0.5669808185085201
84.60000000000001 0.7377445017671403 0.5669807746018267
84.7 0.737744537198733 0.5669807313200523
84.8 0.7377445721271141 0.5669806886543284
84.9 0.7377446065594041 0.5669806465959116
85.0 0.7377446405026231 0.5669806051361822
85.10000000000001 0.7377446739636927 0.5669805642666422
85.2 0.7377447069494366 0.566980523978914
85.3 0.7377447394665829 0.5669804842647381
85.4 0.7377447715217641 0.5669804451159721
85.5 0.7377448031215201 0.5669804065245889
85.60000000000001 0.7377448342722989 0.5669803684826745
85.7 0.7377448649804564 0.5669803309824272
85.8 0.7377448952522601 0.5669802940161554
85.9 0.7377449250938886 0.5669802575762762
86.0 0.737744954511434 0.5669802216553145
86.10000000000001 0.7377449835109016 0.5669801862459005
86.2 0.7377450120982129 0.5669801513407687
86.3 0.7377450402792056 0.566980116932757
86.4 0.7377450680596354 0.5669800830148038
86.5 0.7377450954451762 0.5669800495799482
86.60000000000001 0.7377451224414227 0.566980016621327
86.7 0.7377451490538902 0.5669799841321748
86.8 0.7377451752880165 0.5669799521058217
86.9 0.7377452011491623 0.5669799205356925
87.0 0.7377452266426132 0.5669798894153047
87.10000000000001 0.7377452517735799 0.566979858738268
87.2 0.7377452765471992 0.5669798284982819
87.3 0.7377453009685363 0.566979798689136
87.4 0.7377453250425846 0.5669797693047071
87.5 0.7377453487742667 0.5669797403389593
87.60000000000001 0.7377453721684362 0.5669797117859416
87.7 0.7377453952298777 0.5669796836397882
87.8 0.7377454179633088 0.5669796558947151
87.9 0.7377454403733804 0.5669796285450215
88.0 0.7377454624646772 0.5669796015850866
88.10000000000001 0.7377454842417199 0.5669795750093696
88.2 0.737745505708965 0.5669795488124074
88.3 0.7377455268708061 0.5669795229888156
88.4 0.7377455477315747 0.5669794975332854
88.5 0.7377455682955412 0.5669794724405829
88.60000000000001 0.7377455885669157 0.5669794477055493
88.7 0.7377456085498487 0.5669794233230983
88.8 0.7377456282484325 0.5669793992882156
88.9 0.7377456476667007 0.5669793755959583
89.0 0.7377456668086309 0.5669793522414537
89.10000000000001 0.7377456856781437 0.5669793292198976
89.2 0.7377457042791047 0.5669793065265545
89.3 0.7377457226153248 0.5669792841567557
89.4 0.737745740690561 0.5669792621058987
89.5 0.7377457585085174 0.5669792403694467
89.60000000000001 0.7377457760728453 0.5669792189429265
89.7 0.737745793387145 0.5669791978219287
89.8 0.7377458104549655 0.5669791770021072
89.9 0.7377458272798054 0.5669791564791763
90.0 0.7377458438651143 0.5669791362489117
90.10000000000001 0.7377458602142931 0.5669791163071491
90.2 0.7377458763306937 0.5669790966497833
90.3 0.7377458922176213 0.566979077272767
90.4 0.7377459078783346 0.5669790581721106
90.5 0.7377459233160455 0.5669790393438807
90.60000000000001 0.7377459385339211 0.5669790207842005
90.7 0.7377459535350834 0.5669790024892475
90.8 0.73774596832261 0.5669789844552537
90.9 0.7377459828995353 0.5669789666785046
91.0 0.7377459972688509 0.5669789491553383
91.10000000000001 0.7377460114335056 0.5669789318821451
91.2 0.7377460253964068 0.5669789148553664
91.3 0.7377460391604205 0.5669788980714943
91.4 0.7377460527283723 0.5669788815270701
91.5 0.7377460661030479 0.5669788652186851
91.60000000000001 0.7377460792871934 0.5669788491429784
91.7 0.7377460922835161 0.5669788332966367
91.8 0.7377461050946849 0.5669788176763939
91.9 0.7377461177233308 0.5669788022790307
92.0 0.7377461301720476 0.5669787871013733
92.10000000000001 0.7377461424433926 0.5669787721402926
92.2 0.7377461545398869 0.5669787573927044
92.3 0.7377461664640154 0.566978742855568
92.4 0.7377461782182282 0.566978728525886
92.5 0.7377461898049406 0.5669787144007038
92.60000000000001 0.7377462012265339 0.5669787004771084
92.7 0.7377462124853551 0.5669786867522283
92.8 0.7377462235837182 0.5669786732232329
92.9 0.7377462345239048 0.5669786598873316
93.0 0.7377462453081638 0.5669786467417739
93.10000000000001 0.7377462559387122 0.566978633783848
93.2 0.737746266417736 0.5669786210108807
93.3 0.7377462767473896 0.566978608420237
93.4 0.7377462869297972 0.566978596009319
93.5 0.737746296967053 0.5669785837755658
93.60000000000001 0.737746306861221 0.566978571716453
93.7 0.7377463166143369 0.5669785598294921
93.8 0.7377463262284064 0.56697854811223
93.9 0.7377463357054077 0.5669785365622485
94.0 0.7377463450472902 0.5669785251771636
94.10000000000001 0.737746354255976 0.5669785139546254
94.2 0.7377463633333603 0.5669785028923169
94.3 0.7377463722813107 0.5669784919879547
94.4 0.737746381101669 0.5669784812392874
94.5 0.7377463897962505 0.566978470644096
94.60000000000001 0.7377463983668451 0.5669784602001925
94.7 0.7377464068152166 0.5669784499054208
94.8 0.7377464151431042 0.5669784397576547
94.9 0.7377464233522227 0.5669784297547988
95.0 0.7377464314442622 0.5669784198947875
95.10000000000001 0.7377464394208888 0.5669784101755839
95.2 0.737746447283745 0.5669784005951808
95.3 0.7377464550344504 0.5669783911515992
95.4 0.7377464626746008 0.566978381842888
95.5 0.7377464702057701 0.5669783726671248
95.60000000000001 0.7377464776295095 0.5669783636224135
95.7 0.7377464849473485 0.5669783547068858
95.8 0.7377464921607945 0.5669783459186993
95.9 0.7377464992713333 0.5669783372560384
96.0 0.7377465062804305 0.5669783287171126
96.10000000000001 0.73774651318953 0.5669783203001575
96.2 0.7377465200000559 0.5669783120034337
96.3 0.7377465267134113 0.5669783038252266
96.4 0.7377465333309802 0.5669782957638457
96.5 0.7377465398541261 0.566978287817625
96.60000000000001 0.737746546284194 0.5669782799849218
96.7 0.7377465526225091 0.5669782722641169
96.8 0.7377465588703782 0.5669782646536142
96.9 0.7377465650290895 0.5669782571518406
97.0 0.7377465710999128 0.5669782497572446
97.10000000000001 0.7377465770840999 0.5669782424682976
97.2 0.7377465829828846 0.5669782352834927
97.3 0.7377465887974838 0.5669782282013436
97.4 0.7377465945290963 0.566978221220386
97.5 0.7377466001789043 0.5669782143391762
97.60000000000001 0.7377466057480734 0.566978207556291
97.7 0.7377466112377521 0.5669782008703277
97.8 0.737746616649073 0.5669781942799028
97.9 0.7377466219831528 0.5669781877836537
98.0 0.7377466272410915 0.5669781813802365
98.10000000000001 0.7377466324239742 0.5669781750683262
98.2 0.7377466375328704 0.5669781688466173
98.3 0.7377466425688344 0.5669781627138228
98.4 0.7377466475329053 0.5669781566686735
98.5 0.7377466524261076 0.5669781507099186
98.60000000000001 0.7377466572494514 0.5669781448363251
98.7 0.7377466620039322 0.5669781390466779
98.8 0.7377466666905317 0.5669781333397786
98.9 0.7377466713102169 0.5669781277144462
99.0 0.7377466758639415 0.5669781221695168
99.10000000000001 0.7377466803526458 0.5669781167038426
99.2 0.7377466847772568 0.566978111316292
99.3 0.7377466891386879 0.56697810600575
99.4 0.7377466934378397 0.5669781007711175
99.5 0.7377466976756002 0.5669780956113109
99.60000000000001 0.7377467018528445 0.5669780905252617
99.7 0.7377467059704352 0.5669780855119172
99.8 0.7377467100292229 0.5669780805702397
99.9 0.7377467140300457 0.5669780756992058
100.0 0.7377467179737304 0.566978070897807
