0.01 1.0926067913574435 1.870235777999246
0.1 1.0421315843617576 1.8144083658315693
0.2 0.9869455546555885 1.7518974091004247
0.3 0.9327703016414093 1.6890003649002723
0.4 0.8796655427008968 1.6258455739224045
0.5 0.8276822366511398 1.562564532375908
0.6 0.7768627479435191 1.4992902960048327
0.7000000000000001 0.7272411332223498 1.4361558362575362
0.8 0.6788435289742951 1.3732923990525976
0.9 0.6316886187311952 1.3108279164374859
1.0 0.5857881589647286 1.2488855184356227
1.1 0.541147544221625 1.1875821867954401
1.2 0.4977663939803866 1.12702758468385
1.3 0.45563914596489163 1.067323087258022
1.4000000000000001 0.414755643052214 1.0085610282350583
1.5 0.3751017033180084 0.9508241677878899
1.6 0.33665966506279466 0.8941853779792621
1.7 0.2994089007785685 0.8387075340231867
1.8 0.2633262958982958 0.7844435932883858
1.9000000000000001 0.22838668979631005 0.7314368393111528
2.0 0.19456327786978833 0.6797212651845572
2.1 0.16182797463905074 0.6293220694225621
2.2 0.13015173867587793 0.5802562375496478
2.3000000000000003 0.09950486082878873 0.5325331839687042
2.4 0.06985721768984288 0.48615543081871326
2.5 0.04117849256702444 0.4411193032618277
2.6 0.013438366416936187 0.39741562367688177
2.7 0.013393318720489766 0.3550303903638836
2.8000000000000003 0.03934642123774035 0.3139454294090558
2.9 0.06445038393409241 0.27413901119683315
3.0 0.08873413805736563 0.23558642560161802
3.1 0.11222602515351143 0.19826051210258733
3.2 0.1349537346159888 0.16213214292405853
3.3000000000000003 0.15694425498942755 0.12717065881858813
3.4 0.1782238372486522 0.09334425830266913
3.5 0.19881796843957433 0.060620342057771115
3.6 0.2187513542290298 0.028965814859873706
3.7 0.23804790906356166 0.0016526521626527568
3.8000000000000003 0.25673075278080004 0.03126839588219443
3.9 0.2748222126503781 0.0599145689556444
4.0 0.2923438299437717 0.08762397784813292
4.1 0.3093163702440682 0.11442894797842751
4.2 0.32575983680751364 0.14036121299951
4.3 0.3416934863794525 0.16545182540034276
4.4 0.3571358469482746 0.18973108581267706
4.5 0.37210473699305613 0.21322848861811838
4.6000000000000005 0.3866172858443866 0.23597268166621976
4.7 0.4006899548340863 0.25799143812741665
4.8 0.41433855895887906 0.27931163871016285
4.9 0.427578288826294 0.29995926266642314
5.0 0.4404237326887168 0.3199593861915284
5.1000000000000005 0.4528888984042254 0.3393361869921483
5.2 0.4649872351911881 0.3581129539494068
5.3 0.4767316550680869 0.3763121009429051
5.4 0.48813455389102955 0.3939551840261828
5.5 0.4992078319195441 0.4110629212555432
5.6000000000000005 0.5099629138565795 0.427655214573158
5.7 0.5204107683218702 0.44375117323277014
5.8 0.5305619267288622 0.4593691383332166
5.9 0.5404265015448821 0.47452670809238207
6.0 0.5500142039220508 0.4892407635528615
6.1000000000000005 0.5593343606930912 0.5035274944617365
6.2 0.5683959307316115 0.5174024251110376
6.3 0.5772075206809839 0.5308804399636351
6.4 0.5857774000595813 0.5439758089220543
6.5 0.5941135157531316 0.5567022121258969
6.6000000000000005 0.6022235059072741 0.5690727641874682
6.7 0.6101147132352872 0.5811000377956956
6.8 0.6177941977573317 0.5927960866356567
6.9 0.6252687489886052 0.6041724675856806
7.0 0.6325448975945284 0.6152402621662185
7.1000000000000005 0.6396289265315419 0.6260100972248868
7.2 0.6465268816923481 0.6364921648506423
7.3 0.6532445820744894 0.6466962415169999
7.4 0.6597876294910818 0.6566317064599598
7.5 0.6661614178423143 0.6663075593009427
7.6000000000000005 0.6723711419660203 0.6757324369287433
7.7 0.6784218060852591 0.6849146296574324
7.8 0.6843182318703929 0.6938620966793946
7.9 0.6900650661326666 0.7025824808343821
8.0 0.695666788165779 0.7110831227166856
8.1 0.7011277167513725 0.7193710741433481
8.2 0.7064520168438273 0.727453111006845
8.3 0.711643705949164 0.7353357455358791
8.4 0.7167066602122767 0.7430252379879445
8.5 0.7216446202261628 0.7505276077971286
8.6 0.7264611965762509 0.7578486442002912
8.700000000000001 0.731159875132338 0.7649939163643307
8.8 0.7357440221001457 0.7719687830366961
8.9 0.74021688884394 0.7787784017407089
9.0 0.744581616491149 0.7854277375365875
9.1 0.7488412403294196 0.7919215713683889
9.200000000000001 0.75299869400606 0.7982645080163442
9.3 0.7570568135393403 0.8044609836733358
9.4 0.7610183411506926 0.8105152731635283
9.5 0.7648859289264025 0.8164314968204054
9.6 0.7686621423169693 0.822213627040755
9.700000000000001 0.7723494634819192 0.8278654945304025
9.8 0.7759502944874899 0.8333907942567826
9.9 0.779466960364203 0.8387930911227723
10.0 0.7829017120310344 0.8440758253754934
10.1 0.7862567290925431 0.8492423177631987
10.200000000000001 0.789534122514993 0.8542957744526669
10.3 0.7927359371872242 0.8592392917189757
10.4 0.7958641543717455 0.8640758604189136
10.5 0.798920694051203 0.8688083702587472
10.6 0.8019074171751912 0.8734396138665121
10.700000000000001 0.8048261278120687 0.8779722906785064
10.8 0.8076785752102333 0.8824090106491473
10.9 0.8104664557730912 0.8867522977929276
11.0 0.8131914149517288 0.8910045935667212
11.1 0.8158550490591097 0.8951682601002964
11.200000000000001 0.8184589070094273 0.8992455832824833
11.3 0.8210044919860655 0.9032387757100517
11.4 0.8234932630414136 0.9071499795060207
11.5 0.8259266366317091 0.9109812690137282
11.6 0.8283059880898067 0.9147346533727214
11.700000000000001 0.8306326530387294 0.9184120789821684
11.8 0.8329079287486572 0.9220154318572318
11.9 0.8351330754399235 0.9255465398835341
12.0 0.8373093175344035 0.9290071749746192
12.1 0.8394378448576294 0.9323990551370285
12.200000000000001 0.8415198137938091 0.935723846447396
12.3 0.8435563483958362 0.9389831649457232
12.4 0.845548541452267 0.9421785784488055
12.5 0.8474974555131656 0.9453116082875574
12.6 0.8494041238766049 0.9483837309718011
12.700000000000001 0.8512695515375341 0.9513963797859128
12.8 0.8530947161006533 0.9543509463185238
12.9 0.8548805686588261 0.9572487819293451
13.0 0.8566280346385293 0.9600911991560146
13.1 0.8583380146137363 0.9628794730636914
13.200000000000001 0.8600113850895785 0.9656148425400488
13.3 0.8616489992570662 0.9682985115381211
13.4 0.8632516877200833 0.9709316502693923
13.5 0.8648202591958234 0.9735153963493399
13.6 0.8663555011897708 0.9760508558975989
13.700000000000001 0.8678581806462895 0.9785391045947396
13.8 0.8693290445758195 0.9809811886976305
13.9 0.8707688206596553 0.9833781260151813
14.0 0.8721782178332123 0.9857309068462322
14.1 0.8735579268486644 0.9880404948812492
14.200000000000001 0.8749086208177941 0.9903078280694002
14.3 0.8762309557358376 0.9925338194525188
14.4 0.8775255709871099 0.9947193579673913
14.5 0.8787930898331178 0.9968653092177264
14.6 0.8800341198838773 0.9989725162171079
14.700000000000001 0.8812492535530794 1.001041800104172
14.8 0.8824390684977592 1.0030739608311858
14.9 0.883604128043066 1.0050697778271445
15.0 0.8847449815927204 1.0070300106364707
15.1 0.8858621650257081 1.0089553995343308
15.200000000000001 0.8869562010797498 1.0108466661195403
15.3 0.8880275997220535 1.0127045138859927
15.4 0.8890768585078273 1.0145296287734933
15.5 0.8901044629270367 1.0163226796988467
15.6 0.8911108867398347 1.018084319068005
15.700000000000001 0.8920965923010997 1.0198151832700462
15.8 0.8930620308744905 1.0215158931537136
15.9 0.8940076429364079 1.0231870544872326
16.0 0.8949338584702393 1.0248292584020624
16.1 0.8958410972512447 1.026443081821225
16.2 0.896729769122429 1.0280290878728295
16.3 0.8976002742617264 1.0295878262893803
16.4 0.8984530034408293 1.0311198337934155
16.5 0.8992883382759334 1.0326256344700213
16.6 0.9001066514707352 1.0341057401267335
16.7 0.9009083070519148 1.0355606506413073
16.8 0.9016936605973997 1.0369908542978385
16.9 0.9024630594576681 1.0383968281116656
17.0 0.903216842970318 1.0397790381434961
17.1 0.9039553426681515 1.0411379398031642
17.2 0.9046788824810177 1.0424739781434056
17.3 0.905387778931587 1.0437875881440366
17.400000000000002 0.9060823413253232 1.0450791949868883
17.5 0.9067628719348084 1.0463492143218498
17.6 0.9074296661786398 1.0475980525243425
17.7 0.9080830127950765 1.0488261069445501
17.8 0.9087231940106149 1.0500337661487045
17.900000000000002 0.9093504857036567 1.0512214101527153
18.0 0.9099651575634589 1.0523894106484368
18.1 0.9105674732444973 1.053538131222818
18.2 0.9111576905164078 1.0546679275702164
18.3 0.9117360614096564 1.0557791476980967
18.400000000000002 0.9123028323570699 1.0568721321263794
18.5 0.9128582443313746 1.0579472140806425
18.6 0.9134025329788615 1.0590047196794092
18.7 0.9139359287493098 1.0600449681157196
18.8 0.9144586570222986 1.0610682718331956
18.900000000000002 0.9149709382300042 1.0620749366967956
19.0 0.9154729879766149 1.0630652621584264
19.1 0.9159650171544618 1.0640395414176131
19.2 0.9164472320569657 1.064998061577385
19.3 0.9169198344885148 1.065941103795537
19.400000000000002 0.9173830218713568 1.0668689434314462
19.5 0.9178369873496055 1.0677818501885676
19.6 0.9182819198904517 1.0686800882527798
19.7 0.918718004382663 1.0695639164267083
19.8 0.919145421732456 1.0704335882601566
19.900000000000002 0.9195643489568259 1.0712893521767954
20.0 0.9199749592744073 1.0721314515972102
20.1 0.9203774221939449 1.0729601250584522
20.2 0.9207719036004391 1.0737756063301866
20.3 0.9211585658390473 1.074578124527566
20.400000000000002 0.9215375677968032 1.0753679042209265
20.5 0.9219090649822173 1.076145165542417
20.6 0.9222732096028241 1.0769101242896548
20.7 0.9226301506407375 1.0776629920265115
20.8 0.9229800339262719 1.0784039761811122
20.900000000000002 0.9233230022096897 1.079133280141145
21.0 0.9236591952311186 1.0798511033465676
21.1 0.9239887497887076 1.0805576413797833
21.2 0.9243117998050634 1.0812530860533764
21.3 0.9246284763920136 1.0819376254954827
21.400000000000002 0.9249389079137611 1.0826114442328638
21.5 0.9252432200484506 1.0832747232717643
21.6 0.9255415358482169 1.0839276401766154
21.7 0.9258339757977412 1.0845703691466535
21.8 0.9261206578713672 1.085203081090517
21.900000000000002 0.9264016975888114 1.0858259436988884
22.0 0.9266772080695129 1.086439121515232
22.1 0.9269473000856512 1.0870427760046937
22.2 0.9272120821138823 1.087637065621219
22.3 0.9274716603858164 1.088222145872932
22.400000000000002 0.9277261389372762 1.0887981693858415
22.5 0.9279756196563729 1.0893652859659149
22.6 0.9282202023304316 1.089923642659576
22.7 0.9284599846917794 1.0904733838126641
22.8 0.9286950624624626 1.0910146511279075
22.900000000000002 0.928925529397886 1.0915475837209558
23.0 0.9291514773294276 1.0920723181750032
23.1 0.9293729962060429 1.0925889885940592
23.2 0.9295901741348906 1.0930977266548925
23.3 0.9298030974210052 1.093598661657694
23.400000000000002 0.9300118506060393 1.0940919205754907
23.5 0.9302165165061096 1.0945776281023556
23.6 0.9304171762487501 1.0950559067004355
23.7 0.9306139093090202 1.0955268766458408
23.8 0.9308067935447744 1.0959906560734236
23.900000000000002 0.930995905231109 1.096447361020478
24.0 0.9311813190940352 1.0968971054693943
24.1 0.9313631083433656 1.0973400013892904
24.2 0.9315413447048471 1.0977761587766555
24.3 0.9317160984515764 1.0982056856950342
24.400000000000002 0.9318874384346838 1.0986286883137684
24.5 0.9320554321133319 1.0990452709458323
24.6 0.9322201455840302 1.0994555360847826
24.7 0.932381643609288 1.099859584440848
24.8 0.9325399896456261 1.100257514976179
24.900000000000002 0.9326952458709572 1.1006494249392835
25.0 0.9328474732113481 1.1010354098986719
25.1 0.9329967313671927 1.1014155637757321
25.2 0.933143078838796 1.1017899788768446
25.3 0.9332865729513901 1.1021587459247781
25.400000000000002 0.9334272698795943 1.1025219540893598
25.5 0.9335652246713354 1.1028796910174785
25.6 0.9337004912712364 1.103232042862384
25.7 0.933833122543494 1.1035790943123507
25.8 0.9339631702942502 1.1039209286186882
25.900000000000002 0.9340906852934726 1.1042576276231433
26.0 0.9342157172963567 1.1045892717846817
26.1 0.9343383150642613 1.104915940205693
26.2 0.9344585263851857 1.1052377106576028
26.3 0.9345763980938007 1.105554659605945
26.400000000000002 0.9346919760910477 1.1058668622348677
26.5 0.9348053053633116 1.1061743924711211
26.6 0.9349164300011743 1.106477323007518
26.7 0.9350253932177714 1.106775725325893
26.8 0.9351322373667486 1.1070696697195674
26.900000000000002 0.9352370039598308 1.107359225315332
27.0 0.9353397336840181 1.107644460094962
27.1 0.9354404664184097 1.107925440916277
27.2 0.9355392412506691 1.1082022335337505
27.3 0.9356360964931376 1.1084749026186906
27.400000000000002 0.9357310696986052 1.1087435117789928
27.5 0.9358241976757427 1.1090081235784783
27.6 0.9359155165042115 1.1092687995558312
27.7 0.9360050615494497 1.1095256002431426
27.8 0.9360928674771429 1.1097785851840671
27.900000000000002 0.9361789682673947 1.1100278129516077
28.0 0.9362633972285916 1.1102733411655323
28.1 0.9363461870109782 1.1105152265094367
28.2 0.9364273696199521 1.1107535247474536
28.3 0.9365069764290692 1.110988290740626
28.400000000000002 0.9365850381927889 1.111219578462947
28.5 0.9366615850589368 1.1114474410170723
28.6 0.9367366465809197 1.1116719306497225
28.7 0.9368102517296824 1.1118930987667683
28.8 0.9368824289054092 1.1121109959480169
28.900000000000002 0.936953205948988 1.1123256719617096
29.0 0.9370226101532366 1.1125371757787157
29.1 0.9370906682738869 1.1127455555864616
29.2 0.9371574065403525 1.1129508588025745
29.3 0.9372228506662674 1.1131531320882577
29.400000000000002 0.9372870258598036 1.113352421361411
29.5 0.937349956833784 1.113548771809485
29.6 0.9374116678155779 1.1137422279020899
29.7 0.937472182556796 1.113932833403355
29.8 0.9375315243427886 1.1141206313840528
29.900000000000002 0.9375897160019475 1.1143056642334885
30.0 0.9376467799148092 1.114487973671157
30.1 0.9377027380229785 1.1146676007581755
30.2 0.9377576118378723 1.1148445859085045
30.3 0.937811422449272 1.1150189688999426
30.400000000000002 0.9378641905337162 1.1151907888849273
30.5 0.9379159363627094 1.1153600844011118
30.6 0.9379666798107715 1.1155268933817597
30.7 0.9380164403633149 1.1156912531659318
30.8 0.9380652371243725 1.115853200508485
30.900000000000002 0.9381130888241556 1.1160127715898858
31.0 0.9381600138264687 1.1161700020258376
31.1 0.9382060301359658 1.1163249268767226
31.2 0.9382511554052657 1.1164775806568832
31.3 0.9382954069419203 1.1166279973437163
31.400000000000002 0.9383388017152381 1.1167762103866066
31.5 0.9383813563629769 1.116922252715697
31.6 0.938423087197897 1.1170661567504832
31.7 0.9384640102141817 1.1172079544082756
31.8 0.938504141093728 1.1173476771124813
31.900000000000002 0.9385434952123126 1.1174853558007536
32.0 0.938582087645631 1.117621020932976
32.1 0.938619933175217 1.1177547024991226
32.2 0.9386570462942421 1.117886430026954
32.3 0.9386934412131998 1.1180162325895893
32.4 0.9387291318654729 1.1181441388129354
32.5 0.9387641319127902 1.1182701768829864
32.6 0.9387984547505754 1.1183943745529834
32.7 0.9388321135131872 1.1185167591504603
32.8 0.9388651210790526 1.1186373575841515
32.9 0.9388974900757023 1.118756196350783
33.0 0.938929232884701 1.1188733015417414
33.1 0.938960361646479 1.1189886988496243
33.2 0.9389908882650724 1.1191024135746757
33.3 0.939020824412762 1.1192144706311082
33.4 0.9390501815346244 1.1193248945533136
33.5 0.9390789708529921 1.1194337095019617
33.6 0.939107203371818 1.1195409392700024
33.7 0.9391348898809602 1.119646607288549
33.8 0.939162040960384 1.1197507366326684
33.9 0.939188666984272 1.1198533500270684
34.0 0.9392147781250557 1.1199544698516841
34.1 0.9392403843573685 1.1200541181471724
34.2 0.9392654954619202 1.120152316620307
34.300000000000004 0.9392901210292921 1.1202490866492827
34.4 0.939314270463659 1.120344449288928
34.5 0.9393379529864352 1.1204384252758293
34.6 0.9393611776398534 1.1205310350333648
34.7 0.9393839532904642 1.120622298676654
34.800000000000004 0.9394062886325742 1.1207122360174258
34.9 0.9394281921916128 1.1208008665687972
35.0 0.9394496723274313 1.120888209549975
35.1 0.9394707372375382 1.1209742838908796
35.2 0.9394913949602715 1.1210591082366883
35.300000000000004 0.9395116533779055 1.121142700952297
35.4 0.9395315202196994 1.121225080126718
35.5 0.9395510030648841 1.1213062635773938
35.6 0.9395701093455875 1.1213862688544425
35.7 0.9395888463497073 1.121465113244834
35.800000000000004 0.9396072212237296 1.1215428137764905
35.9 0.9396252409754737 1.1216193872223252
36.0 0.9396429124768089 1.1216948501042099
36.1 0.939660242466303 1.1217692186968784
36.2 0.9396772375518108 1.121842509031762
36.300000000000004 0.9396939042130334 1.1219147369007683
36.4 0.9397102488040128 1.1219859178599858
36.5 0.9397262775555726 1.1220560672333413
36.6 0.9397419965777258 1.1221252001161846
36.7 0.9397574118620282 1.122193331378826
36.800000000000004 0.9397725292838759 1.1222604756700028
36.9 0.9397873546047792 1.1223266474203033
37.0 0.93980189347457 1.122391860845518
37.1 0.9398161514335781 1.1224561299499518
37.2 0.9398301339147626 1.122519468529675
37.300000000000004 0.9398438462458021 1.1225818901757183
37.4 0.9398572936511389 1.1226434082772245
37.5 0.9398704812539913 1.1227040360245377
37.6 0.9398834140783201 1.1227637864122562
37.7 0.9398960970507567 1.1228226722422203
37.800000000000004 0.9399085350024977 1.1228807061264652
37.9 0.9399207326711619 1.1229379004901219
38.0 0.9399326947026063 1.1229942675742635
38.1 0.939944425652709 1.1230498194387204
38.2 0.9399559299891194 1.1231045679648366
38.300000000000004 0.939967212092971 1.1231585248581935
38.4 0.9399782762605626 1.1232117016512797
38.5 0.9399891267050069 1.123264109706125
38.6 0.9399997675578449 1.1233157602168857
38.7 0.9400102028706303 1.1233666642123996
38.800000000000004 0.9400204366164833 1.1234168325586866
38.9 0.9400304726916124 1.123466275961421
39.0 0.9400403149168086 1.1235150049683587
39.1 0.940049967038908 1.1235630299717276
39.2 0.9400594327322278 1.1236103612105788
39.300000000000004 0.9400687155999743 1.1236570087731013
39.4 0.9400778191756205 1.1237029825989011
39.5 0.9400867469242635 1.1237482924812425
39.6 0.9400955022439448 1.1237929480692554
39.7 0.940104088466958 1.1238369588701078
39.800000000000004 0.9401125088611186 1.1238803342511412
39.9 0.9401207666310158 1.1239230834419813
40.0 0.9401288649192394 1.1239652155366027
40.1 0.9401368068075833 1.1240067394953706
40.2 0.9401445953182224 1.1240476641470474
40.300000000000004 0.9401522334148691 1.124087998190768
40.4 0.940159724003907 1.1241277501979843
40.5 0.9401670699355007 1.12416692861438
40.6 0.9401742740046886 1.1242055417617551
40.7 0.9401813389524478 1.124243597839881
40.800000000000004 0.9401882674667443 1.1242811049283257
40.9 0.9401950621835611 1.1243180709882536
41.0 0.9402017256878987 1.1243545038641942
41.1 0.940208260514773 1.124390411285785
41.2 0.9402146691501758 1.1244258008694867
41.300000000000004 0.940220954032029 1.1244606801202721
41.4 0.9402271175511117 1.124495056433291
41.5 0.9402331620519804 1.1245289370955036
41.6 0.9402390898338528 1.1245623292872975
41.7 0.9402449031515001 1.1245952400840697
41.800000000000004 0.9402506042160974 1.1246276764577918
41.9 0.9402561951960697 1.1246596452785491
42.0 0.9402616782179214 1.1246911533160544
42.1 0.9402670553670491 1.12472220724114
42.2 0.9402723286885335 1.1247528136272278
42.300000000000004 0.9402775001879258 1.1247829789517723
42.4 0.9402825718320083 1.1248127095976894
42.5 0.9402875455495447 1.1248420118547546
42.6 0.9402924232320187 1.1248708919209864
42.7 0.9402972067343525 1.124899355904005
42.800000000000004 0.9403018978756172 1.124927409822373
42.9 0.9403064984397282 1.1249550596069104
43.0 0.9403110101761216 1.1249823111019968
43.1 0.9403154348004215 1.1250091700668499
43.2 0.9403197739950961 1.1250356421767806
43.300000000000004 0.9403240294101005 1.1250617330244408
43.4 0.940328202663502 1.1250874481210396
43.5 0.9403322953420998 1.1251127928975437
43.6 0.9403363090020314 1.1251377727058696
43.7 0.9403402451693621 1.1251623928200392
43.800000000000004 0.9403441053406674 1.1251866584373449
43.9 0.940347890983606 1.1252105746794632
44.0 0.9403516035374774 1.1252341465935816
44.1 0.9403552444137689 1.1252573791534948
44.2 0.9403588149966985 1.1252802772606758
44.300000000000004 0.9403623166437379 1.1253028457453542
44.4 0.9403657506861304 1.1253250893675526
44.5 0.9403691184294002 1.1253470128181338
44.6 0.9403724211538466 1.1253686207198026
44.7 0.9403756601150349 1.1253899176281204
44.800000000000004 0.940378836544273 1.1254109080324826
44.9 0.94038195164908 1.1254315963570978
45.0 0.9403850066136485 1.1254519869619397
45.1 0.9403880025992932 1.1254720841436967
45.2 0.9403909407448956 1.1254918921366925
45.300000000000004 0.9403938221673345 1.1255114151138093
45.4 0.9403966479619132 1.125530657187384
45.5 0.9403994192027789 1.1255496224100985
45.6 0.940402136943328 1.1255683147758524
45.7 0.9404048022166087 1.1255867382206262
45.800000000000004 0.9404074160357143 1.125604896623329
45.9 0.9404099793941687 1.125622793806634
46.0 0.940412493266308 1.1256404335378036
46.1 0.9404149586076458 1.1256578195294962
46.2 0.940417376355239 1.125674955440574
46.300000000000004 0.9404197474280447 1.125691844876881
46.4 0.940422072727273 1.125708491392023
46.5 0.9404243531367253 1.1257248984881305
46.6 0.9404265895231343 1.125741069616611
46.7 0.9404287827364923 1.1257570081788906
46.800000000000004 0.9404309336103753 1.1257727175271433
46.9 0.9404330429622592 1.1257882009650124
47.0 0.9404351115938314 1.125803461748318
47.1 0.9404371402912974 1.1258185030857544
47.2 0.9404391298256782 1.1258333281395796
47.300000000000004 0.9404410809531059 1.1258479400262922
47.4 0.9404429944151063 1.1258623418172995
47.5 0.9404448709388844 1.125876536539573
47.6 0.9404467112376067 1.1258905271762982
47.7 0.940448516010663 1.1259043166675151
47.800000000000004 0.9404502859439368 1.1259179079107429
47.9 0.9404520217100667 1.1259313037616017
48.0 0.9404537239687007 1.1259445070344243
48.1 0.9404553933667534 1.125957520502853
48.2 0.9404570305386395 1.1259703469004383
48.300000000000004 0.9404586361065252 1.1259829889212174
48.4 0.9404602106805662 1.1259954492202935
48.5 0.9404617548591299 1.1260077304144
48.6 0.9404632692290331 1.1260198350824577
48.7 0.9404647543657587 1.126031765766128
48.800000000000004 0.9404662108336783 1.126043524970354
48.9 0.9404676391862665 1.1260551151638931
49.0 0.9404690399663087 1.1260665387798423
49.1 0.9404704137061097 1.126077798216162
49.2 0.9404717609276974 1.1260888958361805
49.300000000000004 0.9404730821430167 1.1260998339690982
49.4 0.9404743778541311 1.1261106149104885
49.5 0.9404756485534076 1.1261212409227808
49.6 0.9404768947237061 1.1261317142357443
49.7 0.9404781168385634 1.126142037046959
49.800000000000004 0.9404793153623734 1.1261522115222924
49.9 0.9404804907505628 1.126162239796347
50.0 0.9404816434497647 1.1261721239729239
50.1 0.9404827738979895 1.1261818661254628
50.2 0.9404838825247896 1.12619146829749
50.300000000000004 0.9404849697514231 1.1262009325030489
50.4 0.9404860359910149 1.126210260727122
50.5 0.9404870816487149 1.126219454926062
50.6 0.9404881071218496 1.1262285170279993
50.7 0.9404891128000743 1.1262374489332556
50.800000000000004 0.9404900990655203 1.126246252514747
50.9 0.9404910662929415 1.1262549296183781
51.0 0.940492014849857 1.126263482063436
51.1 0.9404929450966895 1.1262719116429771
51.2 0.940493857386903 1.1262802201242037
51.300000000000004 0.9404947520671378 1.126288409248838
51.4 0.9404956294773412 1.1262964807334965
51.5 0.9404964899508972 1.1263044362700498
51.6 0.9404973338147529 1.1263122775259808
51.7 0.9404981613895447 1.1263200061447387
51.800000000000004 0.9404989729897171 1.126327623746087
51.9 0.9404997689236452 1.1263351319264459
52.0 0.9405005494937488 1.1263425322592302
52.1 0.9405013149966108 1.1263498262951828
52.2 0.9405020657230883 1.1263570155627018
52.300000000000004 0.9405028019584223 1.1263641015681636
52.4 0.9405035239823487 1.1263710857962426
52.5 0.9405042320691992 1.1263779697102259
52.6 0.9405049264880123 1.1263847547523214
52.7 0.9405056075026312 1.126391442343961
52.800000000000004 0.9405062753718059 1.1263980338861033
52.9 0.9405069303492919 1.1264045307595285
53.0 0.940507572683944 1.1264109343251314
53.1 0.9405082026198146 1.126417245924207
53.2 0.9405088203962446 1.126423466878735
53.300000000000004 0.9405094262479525 1.1264295984916581
53.4 0.9405100204051275 1.1264356420471593
53.5 0.9405106030935149 1.126441598810929
53.6 0.940511174534501 1.126447470030437
53.7 0.9405117349451975 1.1264532569351906
53.800000000000004 0.9405122845385265 1.1264589607369975
53.9 0.940512823523298 1.1264645826302222
54.0 0.940513352104293 1.1264701237920338
54.1 0.9405138704823375 1.126475585382658
54.2 0.9405143788543833 1.126480968545621
54.300000000000004 0.9405148774135768 1.1264862744079904
54.4 0.940515366349338 1.1264915040806094
54.5 0.940515845847429 1.1264966586583376
54.6 0.940516316090025 1.1265017392202776
54.7 0.9405167772557874 1.1265067468300018
54.800000000000004 0.9405172295199247 1.1265116825357793
54.9 0.9405176730542673 1.1265165473707932
55.0 0.9405181080273275 1.1265213423533624
55.1 0.9405185346043616 1.1265260684871543
55.2 0.9405189529474383 1.1265307267613935
55.300000000000004 0.9405193632154978 1.126535318151074
55.4 0.9405197655644129 1.126539843617163
55.5 0.9405201601470443 1.126544304106802
55.6 0.9405205471133034 1.12654870055351
55.7 0.9405209266102093 1.1265530338773742
55.800000000000004 0.9405212987819409 1.1265573049852495
55.9 0.9405216637698954 1.1265615147709438
56.0 0.9405220217127397 1.1265656641154127
56.1 0.9405223727464644 1.1265697538869377
56.2 0.9405227170044341 1.126573784941315
56.300000000000004 0.9405230546174401 1.1265777581220302
56.4 0.9405233857137478 1.1265816742604402
56.5 0.9405237104191482 1.1265855341759456
56.6 0.9405240288570006 1.1265893386761645
56.7 0.9405243411482861 1.1265930885570992
56.800000000000004 0.9405246474116515 1.1265967846033051
56.9 0.9405249477634503 1.1266004275880617
57.0 0.9405252423177926 1.1266040182735217
57.1 0.9405255311865837 1.1266075574108871
57.2 0.9405258144795696 1.126611045740555
57.300000000000004 0.9405260923043783 1.1266144839922774
57.4 0.9405263647665592 1.1266178728853165
57.5 0.940526631969625 1.1266212131285922
57.6 0.9405268940150902 1.126624505420831
57.7 0.940527151002509 1.1266277504507212
57.800000000000004 0.9405274030295145 1.1266309488970443
57.9 0.9405276501918549 1.1266341014288273
58.0 0.9405278925834315 1.1266372087054788
58.1 0.9405281302963306 1.1266402713769297
58.2 0.9405283634208628 1.1266432900837686
58.300000000000004 0.9405285920455939 1.1266462654573761
58.4 0.9405288162573835 1.1266491981200586
58.5 0.9405290361414096 1.126652088685177
58.6 0.9405292517812103 1.1266549377572765
58.7 0.9405294632587089 1.126657745932215
58.800000000000004 0.940529670654247 1.1266605137972865
58.9 0.940529874046617 1.1266632419313445
59.0 0.9405300735130893 1.1266659309049238
59.1 0.9405302691294422 1.1266685812803594
59.2 0.9405304609699923 1.1266711936119058
59.300000000000004 0.9405306491076222 1.1266737684458525
59.4 0.940530833613805 1.1266763063206384
59.5 0.9405310145586383 1.1266788077669663
59.6 0.9405311920108628 1.126681273307912
59.7 0.9405313660378938 1.1266837034590362
59.800000000000004 0.9405315367058464 1.1266860987284901
59.9 0.9405317040795587 1.1266884596171267
60.0 0.9405318682226178 1.1266907866185978
60.1 0.9405320291973802 1.1266930802194661
60.2 0.9405321870650014 1.1266953408993032
60.300000000000004 0.9405323418854574 1.1266975691307897
60.4 0.9405324937175652 1.126699765379814
60.5 0.9405326426190066 1.1267019301055732
60.6 0.9405327886463501 1.1267040637606667
60.7 0.9405329318550715 1.126706166791191
60.800000000000004 0.9405330722995746 1.126708239636835
60.9 0.9405332100332204 1.1267102827309707
61.0 0.9405333451083306 1.126712296500744
61.1 0.9405334775762197 1.126714281367164
61.2 0.9405336074872137 1.1267162377451942
61.300000000000004 0.9405337348906686 1.1267181660438355
61.4 0.9405338598349822 1.1267200666662145
61.5 0.9405339823676231 1.1267219400096664
61.6 0.9405341025351399 1.126723786465818
61.7 0.9405342203831868 1.126725606420674
61.800000000000004 0.9405343359565324 1.1267274002546923
61.9 0.9405344492990855 1.126729168342865
62.0 0.9405345604539033 1.1267309110548007
62.1 0.9405346694632142 1.1267326287547998
62.2 0.9405347763684313 1.1267343218019246
62.300000000000004 0.9405348812101684 1.1267359905500873
62.4 0.940534984028254 1.1267376353481122
62.5 0.9405350848617502 1.1267392565398167
62.6 0.9405351837489624 1.126740854464079
62.7 0.9405352807274587 1.12674242945491
62.800000000000004 0.9405353758340809 1.126743981841523
62.9 0.940535469104959 1.126745511948405
63.0 0.9405355605755276 1.1267470200953857
63.1 0.9405356502805363 1.1267485065976937
63.2 0.9405357382540648 1.1267499717660359
63.300000000000004 0.9405358245295333 1.1267514159066572
63.4 0.9405359091397186 1.1267528393214024
63.5 0.9405359921167636 1.1267542423077845
63.6 0.9405360734921916 1.126755625159043
63.7 0.9405361532969173 1.1267569881642032
63.800000000000004 0.9405362315612583 1.126758331608145
63.9 0.940536308314947 1.1267596557716537
64.0 0.9405363835871421 1.1267609609314855
64.1 0.9405364574064394 1.1267622473604215
64.2 0.9405365298008823 1.1267635153273252
64.3 0.9405366007979745 1.1267647650972
64.4 0.9405366704246869 1.1267659969312434
64.5 0.9405367387074703 1.1267672110869031
64.6 0.9405368056722658 1.1267684078179303
64.7 0.940536871344513 1.126769587374432
64.8 0.94053693574916 1.1267707500029243
64.9 0.9405369989106767 1.1267718959463824
65.0 0.9405370608530568 1.1267730254442951
65.1 0.940537121599831 1.1267741387327126
65.2 0.940537181174077 1.1267752360442949
65.3 0.9405372395984268 1.1267763176083614
65.4 0.9405372968950765 1.1267773836509396
65.5 0.9405373530857917 1.126778434394811
65.6 0.9405374081919202 1.1267794700595593
65.7 0.940537462234396 1.1267804908616152
65.8 0.9405375152337503 1.1267814970143022
65.9 0.9405375672101166 1.126782488727881
66.0 0.9405376181832419 1.1267834662095928
66.1 0.9405376681724875 1.1267844296637057
66.2 0.9405377171968463 1.1267853792915536
66.3 0.9405377652749425 1.1267863152915791
66.4 0.9405378124250423 1.1267872378593773
66.5 0.9405378586650568 1.1267881471877352
66.6 0.9405379040125532 1.1267890434666707
66.7 0.9405379484847551 1.1267899268834758
66.8 0.940537992098561 1.1267907976227525
66.9 0.9405380348705377 1.1267916558664526
67.0 0.940538076816936 1.1267925017939167
67.1 0.9405381179536905 1.1267933355819095
67.2 0.9405381582964276 1.1267941574046598
67.3 0.9405381978604757 1.1267949674338933
67.4 0.9405382366608643 1.1267957658388714
67.5 0.9405382747123312 1.126796552786427
67.6 0.940538312029334 1.126797328440997
67.7 0.9405383486260499 1.126798092964656
67.8 0.9405383845163797 1.1267988465171546
67.9 0.9405384197139606 1.1267995892559508
68.0 0.9405384542321622 1.1268003213362379
68.1 0.9405384880840968 1.1268010429109854
68.2 0.9405385212826269 1.126801754130967
68.3 0.9405385538403639 1.1268024551447908
68.4 0.9405385857696755 1.12680314609893
68.5 0.9405386170826917 1.1268038271377598
68.60000000000001 0.9405386477913087 1.1268044984035788
68.7 0.9405386779071927 1.1268051600366435
68.8 0.9405387074417835 1.126805812175201
68.9 0.9405387364063023 1.1268064549555072
69.0 0.9405387648117518 1.1268070885118702
69.10000000000001 0.9405387926689235 1.1268077129766638
69.2 0.9405388199883983 1.126808328480366
69.3 0.9405388467805563 1.1268089351515798
69.4 0.9405388730555764 1.1268095331170604
69.5 0.9405388988234393 1.1268101225017464
69.60000000000001 0.9405389240939348 1.1268107034287809
69.7 0.9405389488766631 1.1268112760195423
69.8 0.9405389731810387 1.1268118403936684
69.9 0.940538997016295 1.126812396669072
70.0 0.9405390203914867 1.12681294496198
70.10000000000001 0.9405390433154941 1.1268134853869487
70.2 0.9405390657970256 1.1268140180568924
70.3 0.9405390878446223 1.1268145430831016
70.4 0.9405391094666598 1.1268150605752714
70.5 0.9405391306713515 1.1268155706415217
70.60000000000001 0.9405391514667534 1.126816073388421
70.7 0.9405391718607665 1.126816568921008
70.8 0.9405391918611372 1.1268170573428136
70.9 0.9405392114754629 1.1268175387558834
71.0 0.9405392307111977 1.1268180132607974
71.10000000000001 0.9405392495756464 1.126818480956693
71.2 0.9405392680759777 1.126818941941282
71.3 0.9405392862192188 1.1268193963108781
71.4 0.9405393040122627 1.1268198441604105
71.5 0.940539321461868 1.1268202855834464
71.60000000000001 0.9405393385746632 1.1268207206722092
71.7 0.9405393553571506 1.1268211495175997
71.8 0.9405393718157047 1.1268215722092136
71.9 0.9405393879565782 1.1268219888353606
72.0 0.9405394037859041 1.1268223994830826
72.10000000000001 0.9405394193096939 1.126822804238173
72.2 0.940539434533846 1.1268232031851935
72.3 0.9405394494641448 1.1268235964074922
72.4 0.9405394641062599 1.126823983987221
72.5 0.9405394784657575 1.1268243660053523
72.60000000000001 0.9405394925480901 1.126824742541698
72.7 0.9405395063586082 1.1268251136749234
72.8 0.9405395199025572 1.1268254794825627
72.9 0.9405395331850817 1.126825840041041
73.0 0.9405395462112307 1.1268261954256857
73.10000000000001 0.9405395589859489 1.1268265457107414
73.2 0.9405395715140923 1.1268268909693888
73.3 0.9405395838004225 1.126827231273758
73.4 0.940539595849601 1.1268275666949434
73.5 0.9405396076662083 1.1268278973030195
73.60000000000001 0.9405396192547357 1.1268282231670543
73.7 0.9405396306195808 1.126828544355126
73.8 0.9405396417650653 1.126828860934335
73.9 0.9405396526954206 1.1268291729708184
74.0 0.9405396634148016 1.1268294805297647
74.10000000000001 0.9405396739272778 1.126829783675427
74.2 0.9405396842368434 1.1268300824711348
74.3 0.9405396943474154 1.1268303769793118
74.4 0.940539704262835 1.1268306672614816
74.5 0.9405397139868681 1.12683095337829
74.60000000000001 0.9405397235232105 1.126831235389508
74.7 0.9405397328754841 1.12683151335405
74.8 0.9405397420472426 1.1268317873299862
74.9 0.9405397510419684 1.1268320573745516
75.0 0.9405397598630794 1.1268323235441624
75.10000000000001 0.9405397685139274 1.126832585894424
75.2 0.9405397769977979 1.1268328444801439
75.3 0.9405397853179149 1.1268330993553404
75.4 0.9405397934774373 1.1268333505732588
75.5 0.9405398014794645 1.1268335981863835
75.60000000000001 0.9405398093270377 1.126833842246441
75.7 0.9405398170231385 1.1268340828044154
75.8 0.9405398245706906 1.1268343199105635
75.9 0.9405398319725609 1.1268345536144126
76.0 0.9405398392315618 1.1268347839647905
76.10000000000001 0.9405398463504504 1.126835011009816
76.2 0.9405398533319318 1.1268352347969204
76.3 0.9405398601786574 1.126835455372854
76.4 0.940539866893229 1.126835672783697
76.5 0.9405398734781973 1.126835887074865
76.60000000000001 0.940539879936064 1.1268360982911247
76.7 0.940539886269282 1.1268363064766007
76.8 0.9405398924802573 1.1268365116747834
76.9 0.9405398985713489 1.1268367139285391
77.0 0.940539904544871 1.1268369132801197
77.10000000000001 0.9405399104030934 1.1268371097711696
77.2 0.9405399161482417 1.1268373034427366
77.3 0.9405399217824983 1.126837494335279
77.4 0.9405399273080031 1.126837682488674
77.5 0.9405399327268578 1.1268378679422257
77.60000000000001 0.9405399380411188 1.1268380507346776
77.7 0.940539943252805 1.126838230904215
77.8 0.9405399483638957 1.1268384084884757
77.9 0.9405399533763341 1.1268385835245562
78.0 0.9405399582920224 1.1268387560490225
78.10000000000001 0.9405399631128293 1.1268389260979148
78.2 0.9405399678405852 1.126839093706756
78.3 0.9405399724770866 1.1268392589105594
78.4 0.9405399770240961 1.1268394217438364
78.5 0.9405399814833397 1.1268395822406025
78.60000000000001 0.9405399858565109 1.1268397404343853
78.7 0.9405399901452731 1.1268398963582302
78.8 0.9405399943512553 1.126840050044711
78.9 0.9405399984760519 1.126840201525933
79.0 0.9405400025212329 1.1268403508335396
79.10000000000001 0.9405400064883351 1.12684049799872
79.2 0.9405400103788648 1.1268406430522178
79.3 0.9405400141943008 1.1268407860243328
79.4 0.9405400179360912 1.1268409269449333
79.5 0.940540021605659 1.1268410658434562
79.60000000000001 0.9405400252043981 1.1268412027489174
79.7 0.9405400287336736 1.1268413376899158
79.8 0.9405400321948285 1.12684147069464
79.9 0.9405400355891755 1.1268416017908738
80.0 0.9405400389180061 1.1268417310060035
80.10000000000001 0.9405400421825822 1.1268418583670212
80.2 0.9405400453841484 1.126841983900532
80.3 0.9405400485239186 1.12684210763276
80.4 0.9405400516030857 1.1268422295895522
80.5 0.9405400546228186 1.1268423497963833
80.60000000000001 0.940540057584264 1.1268424682783662
80.7 0.9405400604885505 1.12684258506025
80.8 0.9405400633367789 1.1268427001664287
80.9 0.9405400661300298 1.1268428136209492
81.0 0.9405400688693666 1.1268429254475114
81.10000000000001 0.9405400715558292 1.1268430356694736
81.2 0.9405400741904382 1.1268431443098619
81.3 0.9405400767741945 1.1268432513913709
81.4 0.9405400793080787 1.1268433569363685
81.5 0.9405400817930554 1.126843460966903
81.60000000000001 0.9405400842300669 1.1268435635047052
81.7 0.9405400866200396 1.1268436645711946
81.8 0.9405400889638799 1.1268437641874867
81.9 0.9405400912624792 1.1268438623743862
82.0 0.9405400935167111 1.1268439591524073
82.10000000000001 0.9405400957274325 1.1268440545417633
82.2 0.9405400978954833 1.1268441485623804
82.3 0.9405401000216861 1.1268442412338988
82.4 0.9405401021068495 1.1268443325756792
82.5 0.9405401041517657 1.1268444226067986
82.60000000000001 0.9405401061572115 1.126844511346067
82.7 0.9405401081239482 1.1268445988120206
82.8 0.9405401100527233 1.1268446850229292
82.9 0.9405401119442702 1.1268447699968014
83.0 0.9405401137993064 1.126844853751389
83.10000000000001 0.940540115618536 1.1268449363041873
83.2 0.9405401174026524 1.1268450176724407
83.3 0.9405401191523324 1.1268450978731466
83.4 0.9405401208682393 1.1268451769230579
83.5 0.9405401225510261 1.1268452548386874
83.60000000000001 0.9405401242013327 1.1268453316363112
83.7 0.9405401258197847 1.1268454073319716
83.8 0.940540127407 1.126845481941479
83.9 0.9405401289635793 1.12684555548042
84.0 0.9405401304901146 1.1268456279641572
84.10000000000001 0.9405401319871847 1.1268456994078313
84.2 0.9405401334553578 1.1268457698263663
84.3 0.9405401348951927 1.126845839234472
84.4 0.9405401363072357 1.1268459076466475
84.5 0.9405401376920248 1.1268459750771826
84.60000000000001 0.9405401390500843 1.1268460415401633
84.7 0.9405401403819309 1.1268461070494735
84.8 0.940540141688071 1.1268461716187967
84.9 0.9405401429690001 1.1268462352616209
85.0 0.940540144225205 1.1268462979912401
85.10000000000001 0.9405401454571627 1.126846359820759
85.2 0.9405401466653411 1.1268464207630933
85.3 0.9405401478501996 1.126846480830972
85.4 0.9405401490121883 1.126846540036944
85.5 0.9405401501517479 1.1268465983933758
85.60000000000001 0.9405401512693117 1.1268466559124577
85.7 0.9405401523653047 1.1268467126062052
85.8 0.9405401534401427 1.1268467684864607
85.9 0.9405401544942364 1.1268468235648967
86.0 0.9405401555279811 1.1268468778530183
86.10000000000001 0.9405401565417728 1.126846931362167
86.2 0.940540157535998 1.1268469841035191
86.3 0.940540158511034 1.1268470360880918
86.4 0.9405401594672487 1.1268470873267442
86.5 0.940540160405007 1.1268471378301803
86.60000000000001 0.9405401613246642 1.126847187608949
86.7 0.9405401622265712 1.126847236673449
86.8 0.9405401631110699 1.126847285033929
86.9 0.9405401639784952 1.1268473327004918
87.0 0.9405401648291782 1.1268473796830927
87.10000000000001 0.9405401656634416 1.1268474259915466
87.2 0.9405401664816022 1.1268474716355268
87.3 0.940540167283971 1.1268475166245686
87.4 0.9405401680708527 1.1268475609680673
87.5 0.9405401688425457 1.1268476046752873
87.60000000000001 0.9405401695993438 1.1268476477553584
87.7 0.9405401703415341 1.1268476902172804
87.8 0.940540171069399 1.1268477320699244
87.9 0.9405401717832147 1.1268477733220292
88.0 0.940540172483252 1.1268478139822147
88.10000000000001 0.9405401731697755 1.1268478540589753
88.2 0.9405401738430478 1.1268478935606794
88.3 0.9405401745033248 1.1268479324955791
88.4 0.9405401751508577 1.1268479708718093
88.5 0.9405401757858918 1.126848008697384
88.60000000000001 0.9405401764086685 1.1268480459802053
88.7 0.9405401770194246 1.1268480827280625
88.8 0.9405401776183917 1.1268481189486295
88.9 0.9405401782057978 1.1268481546494717
89.0 0.9405401787818659 1.12684818983805
89.10000000000001 0.9405401793468151 1.1268482245217113
89.2 0.9405401799008599 1.1268482587077036
89.3 0.9405401804442097 1.1268482924031664
89.4 0.9405401809770728 1.1268483256151387
89.5 0.9405401814996499 1.126848358350558
89.60000000000001 0.9405401820121404 1.1268483906162619
89.7 0.9405401825147401 1.1268484224189907
89.8 0.9405401830076374 1.1268484537653873
89.9 0.940540183491021 1.1268484846619997
90.0 0.940540183965076 1.1268485151152812
90.10000000000001 0.9405401844299814 1.1268485451315922
90.2 0.9405401848859136 1.126848574717204
90.3 0.9405401853330457 1.1268486038782972
90.4 0.940540185771547 1.126848632620963
90.5 0.9405401862015847 1.1268486609512052
90.60000000000001 0.9405401866233221 1.1268486888749414
90.7 0.9405401870369192 1.1268487163980054
90.8 0.9405401874425334 1.1268487435261452
90.9 0.9405401878403179 1.1268487702650283
91.0 0.9405401882304245 1.1268487966202396
91.10000000000001 0.9405401886130025 1.1268488225972848
91.2 0.9405401889881939 1.1268488482015901
91.3 0.940540189356144 1.126848873438504
91.4 0.9405401897169932 1.1268488983132974
91.5 0.9405401900708763 1.1268489228311673
91.60000000000001 0.9405401904179285 1.1268489469972347
91.7 0.940540190758282 1.1268489708165483
91.8 0.9405401910920674 1.1268489942940825
91.9 0.94054019141941 1.1268490174347416
92.0 0.9405401917404337 1.1268490402433602
92.10000000000001 0.9405401920552601 1.1268490627247023
92.2 0.9405401923640104 1.126849084883463
92.3 0.940540192666802 1.126849106724273
92.4 0.9405401929637485 1.1268491282516924
92.5 0.9405401932549626 1.1268491494702193
92.60000000000001 0.9405401935405582 1.126849170384285
92.7 0.9405401938206417 1.1268491909982585
92.8 0.9405401940953171 1.1268492113164466
92.9 0.94054019436469 1.1268492313430918
93.0 0.9405401946288645 1.1268492510823789
93.10000000000001 0.940540194887939 1.1268492705384308
93.2 0.9405401951420149 1.126849289715313
93.3 0.9405401953911863 1.1268493086170288
93.4 0.9405401956355481 1.1268493272475268
93.5 0.940540195875192 1.1268493456107
93.60000000000001 0.9405401961102111 1.1268493637103836
93.7 0.9405401963406934 1.1268493815503575
93.8 0.9405401965667277 1.1268493991343487
93.9 0.9405401967883984 1.1268494164660314
94.0 0.9405401970057907 1.1268494335490251
94.10000000000001 0.9405401972189873 1.1268494503868975
94.2 0.940540197428068 1.1268494669831686
94.3 0.9405401976331129 1.1268494833413039
94.4 0.9405401978341986 1.1268494994647194
94.5 0.940540198031403 1.126849515356784
94.60000000000001 0.9405401982248007 1.1268495310208175
94.7 0.9405401984144655 1.1268495464600905
94.8 0.9405401986004696 1.1268495616778278
94.9 0.9405401987828834 1.1268495766772073
95.0 0.9405401989617761 1.1268495914613652
95.10000000000001 0.9405401991372162 1.1268496060333888
95.2 0.9405401993092695 1.126849620396321
95.3 0.940540199478002 1.126849634553163
95.4 0.9405401996434777 1.1268496485068715
95.5 0.9405401998057594 1.1268496622603603
95.60000000000001 0.940540199964909 1.1268496758165032
95.7 0.9405402001209868 1.1268496891781317
95.8 0.9405402002740528 1.1268497023480368
95.9 0.9405402004241639 1.1268497153289698
96.0 0.9405402005713768 1.1268497281236423
96.10000000000001 0.9405402007157488 1.1268497407347262
96.2 0.9405402008573334 1.1268497531648562
96.3 0.9405402009961863 1.1268497654166278
96.4 0.9405402011323605 1.1268497774926003
96.5 0.9405402012659061 1.1268497893952973
96.60000000000001 0.9405402013968742 1.126849801127205
96.7 0.9405402015253146 1.126849812690774
96.8 0.9405402016512765 1.1268498240884197
96.9 0.9405402017748061 1.126849835322523
97.0 0.9405402018959523 1.1268498463954304
97.10000000000001 0.94054020201476 1.1268498573094552
97.2 0.9405402021312743 1.1268498680668764
97.3 0.9405402022455394 1.126849878669942
97.4 0.940540202357599 1.1268498891208667
97.5 0.940540202467496 1.126849899421833
97.60000000000001 0.9405402025752712 1.1268499095749926
97.7 0.9405402026809653 1.1268499195824662
97.8 0.9405402027846201 1.1268499294463452
97.9 0.9405402028862739 1.1268499391686895
98.0 0.9405402029859657 1.1268499487515293
98.10000000000001 0.9405402030837329 1.126849958196868
98.2 0.9405402031796162 1.1268499675066774
98.3 0.9405402032736454 1.126849976682903
98.4 0.9405402033658605 1.12684998572746
98.5 0.9405402034562966 1.1268499946422392
98.60000000000001 0.9405402035449866 1.126850003429102
98.7 0.9405402036319641 1.1268500120898834
98.8 0.940540203717263 1.1268500206263936
98.9 0.9405402038009152 1.1268500290404146
99.0 0.9405402038829562 1.1268500373337056
99.10000000000001 0.9405402039634101 1.126850045507998
99.2 0.9405402040423114 1.126850053564998
99.3 0.9405402041196895 1.1268500615063903
99.4 0.9405402041955746 1.126850069333833
99.5 0.9405402042699951 1.126850077048963
99.60000000000001 0.9405402043429776 1.1268500846533893
99.7 0.9405402044145532 1.1268500921486995
99.8 0.9405402044847468 1.1268500995364619
99.9 0.9405402045535851 1.1268501068182202
100.0 0.9405402046210956 1.1268501139954932
